M001:   0 (  1  0  0  0  0  0  0  1  0  0  0  0  0  1  0  0  0  0  1  0  0  0  0  1  0)
 ---t8---> M002:   1 (  1  0  0  0  0  0  1  0  0  1  0  0  0  1  0  0  0  0  1  0  0  0  0  1  0)
                                                                                        ---t13---> M003:   1 (  1  0  0  0  0  0  0  1  0  1  0  0  1  0  0  0  0  0  1  0  0  0  0  1  0)
                                                                                        ---t18---> M004:   1 (  1  0  0  0  0  0  0  1  0  1  0  0  0  1  0  0  0  1  0  0  0  0  0  1  0)
                                                                                        ---t23---> M005:   1 (  1  0  0  0  0  0  0  1  0  1  0  0  0  1  0  0  0  0  1  0  0  0  1  0  0)
M002:   1 (  1  0  0  0  0  0  1  0  0  1  0  0  0  1  0  0  0  0  1  0  0  0  0  1  0)
 ---t1---> M006:   2 (  0  1  0  0  0  0  1  0  0  1  0  0  0  1  0  0  0  0  1  0  0  0  0  1  0)
                                                                                        ---t13---> M007:   2 (  1  0  0  0  0  0  1  0  0  2  0  0  1  0  0  0  0  0  1  0  0  0  0  1  0)
                                                                                        ---t18---> M008:   2 (  1  0  0  0  0  0  1  0  0  2  0  0  0  1  0  0  0  1  0  0  0  0  0  1  0)
                                                                                        ---t23---> M009:   2 (  1  0  0  0  0  0  1  0  0  2  0  0  0  1  0  0  0  0  1  0  0  0  1  0  0)
M003:   1 (  1  0  0  0  0  0  0  1  0  1  0  0  1  0  0  0  0  0  1  0  0  0  0  1  0)
 ---t1---> M010:   2 (  0  1  0  0  0  0  0  1  0  1  0  0  1  0  0  0  0  0  1  0  0  0  0  1  0)
                                                                                        ---t8---> M007:   2 (  1  0  0  0  0  0  1  0  0  2  0  0  1  0  0  0  0  0  1  0  0  0  0  1  0)
                                                                                        ---t18---> M011:   2 (  1  0  0  0  0  0  0  1  0  2  0  0  1  0  0  0  0  1  0  0  0  0  0  1  0)
                                                                                        ---t23---> M012:   2 (  1  0  0  0  0  0  0  1  0  2  0  0  1  0  0  0  0  0  1  0  0  0  1  0  0)
M004:   1 (  1  0  0  0  0  0  0  1  0  1  0  0  0  1  0  0  0  1  0  0  0  0  0  1  0)
 ---t1---> M013:   2 (  0  1  0  0  0  0  0  1  0  1  0  0  0  1  0  0  0  1  0  0  0  0  0  1  0)
                                                                                        ---t8---> M008:   2 (  1  0  0  0  0  0  1  0  0  2  0  0  0  1  0  0  0  1  0  0  0  0  0  1  0)
                                                                                        ---t13---> M011:   2 (  1  0  0  0  0  0  0  1  0  2  0  0  1  0  0  0  0  1  0  0  0  0  0  1  0)
                                                                                        ---t23---> M014:   2 (  1  0  0  0  0  0  0  1  0  2  0  0  0  1  0  0  0  1  0  0  0  0  1  0  0)
M005:   1 (  1  0  0  0  0  0  0  1  0  1  0  0  0  1  0  0  0  0  1  0  0  0  1  0  0)
 ---t8---> M009:   2 (  1  0  0  0  0  0  1  0  0  2  0  0  0  1  0  0  0  0  1  0  0  0  1  0  0)
                                                                                        ---t13---> M012:   2 (  1  0  0  0  0  0  0  1  0  2  0  0  1  0  0  0  0  0  1  0  0  0  1  0  0)
                                                                                        ---t18---> M014:   2 (  1  0  0  0  0  0  0  1  0  2  0  0  0  1  0  0  0  1  0  0  0  0  1  0  0)
                                                                                        ---t20---> M015:   2 (  0  0  0  0  0  0  0  1  0  0  0  0  0  1  0  0  0  0  1  0  1  0  0  0  0)
M006:   2 (  0  1  0  0  0  0  1  0  0  1  0  0  0  1  0  0  0  0  1  0  0  0  0  1  0)
 ---t5---> M016:   3 (  0  0  0  0  1  0  0  0  0  0  0  0  0  1  0  0  0  0  1  0  0  0  0  1  0)
                                                                                        ---t13---> M017:   3 (  0  1  0  0  0  0  1  0  0  2  0  0  1  0  0  0  0  0  1  0  0  0  0  1  0)
                                                                                        ---t18---> M018:   3 (  0  1  0  0  0  0  1  0  0  2  0  0  0  1  0  0  0  1  0  0  0  0  0  1  0)
                                                                                        ---t23---> M019:   3 (  0  1  0  0  0  0  1  0  0  2  0  0  0  1  0  0  0  0  1  0  0  0  1  0  0)
M007:   2 (  1  0  0  0  0  0  1  0  0  2  0  0  1  0  0  0  0  0  1  0  0  0  0  1  0)
 ---t1---> M017:   3 (  0  1  0  0  0  0  1  0  0  2  0  0  1  0  0  0  0  0  1  0  0  0  0  1  0)
                                                                                        ---t18---> M020:   3 (  1  0  0  0  0  0  1  0  0  3  0  0  1  0  0  0  0  1  0  0  0  0  0  1  0)
                                                                                        ---t23---> M021:   3 (  1  0  0  0  0  0  1  0  0  3  0  0  1  0  0  0  0  0  1  0  0  0  1  0  0)
M008:   2 (  1  0  0  0  0  0  1  0  0  2  0  0  0  1  0  0  0  1  0  0  0  0  0  1  0)
 ---t1---> M018:   3 (  0  1  0  0  0  0  1  0  0  2  0  0  0  1  0  0  0  1  0  0  0  0  0  1  0)
                                                                                        ---t13---> M020:   3 (  1  0  0  0  0  0  1  0  0  3  0  0  1  0  0  0  0  1  0  0  0  0  0  1  0)
                                                                                        ---t23---> M022:   3 (  1  0  0  0  0  0  1  0  0  3  0  0  0  1  0  0  0  1  0  0  0  0  1  0  0)
M009:   2 (  1  0  0  0  0  0  1  0  0  2  0  0  0  1  0  0  0  0  1  0  0  0  1  0  0)
 ---t13---> M021:   3 (  1  0  0  0  0  0  1  0  0  3  0  0  1  0  0  0  0  0  1  0  0  0  1  0  0)
                                                                                        ---t18---> M022:   3 (  1  0  0  0  0  0  1  0  0  3  0  0  0  1  0  0  0  1  0  0  0  0  1  0  0)
                                                                                        ---t20---> M023:   3 (  0  0  0  0  0  0  1  0  0  1  0  0  0  1  0  0  0  0  1  0  1  0  0  0  0)
M010:   2 (  0  1  0  0  0  0  0  1  0  1  0  0  1  0  0  0  0  0  1  0  0  0  0  1  0)
 ---t2---> M024:   3 (  0  0  1  0  0  0  0  1  0  1  0  0  1  0  0  0  0  0  1  0  0  0  0  1  0)
                                                                                        ---t8---> M017:   3 (  0  1  0  0  0  0  1  0  0  2  0  0  1  0  0  0  0  0  1  0  0  0  0  1  0)
                                                                                        ---t18---> M025:   3 (  0  1  0  0  0  0  0  1  0  2  0  0  1  0  0  0  0  1  0  0  0  0  0  1  0)
                                                                                        ---t23---> M026:   3 (  0  1  0  0  0  0  0  1  0  2  0  0  1  0  0  0  0  0  1  0  0  0  1  0  0)
M011:   2 (  1  0  0  0  0  0  0  1  0  2  0  0  1  0  0  0  0  1  0  0  0  0  0  1  0)
 ---t1---> M025:   3 (  0  1  0  0  0  0  0  1  0  2  0  0  1  0  0  0  0  1  0  0  0  0  0  1  0)
                                                                                        ---t8---> M020:   3 (  1  0  0  0  0  0  1  0  0  3  0  0  1  0  0  0  0  1  0  0  0  0  0  1  0)
                                                                                        ---t23---> M027:   3 (  1  0  0  0  0  0  0  1  0  3  0  0  1  0  0  0  0  1  0  0  0  0  1  0  0)
M012:   2 (  1  0  0  0  0  0  0  1  0  2  0  0  1  0  0  0  0  0  1  0  0  0  1  0  0)
 ---t8---> M021:   3 (  1  0  0  0  0  0  1  0  0  3  0  0  1  0  0  0  0  0  1  0  0  0  1  0  0)
                                                                                        ---t18---> M027:   3 (  1  0  0  0  0  0  0  1  0  3  0  0  1  0  0  0  0  1  0  0  0  0  1  0  0)
                                                                                        ---t20---> M028:   3 (  0  0  0  0  0  0  0  1  0  1  0  0  1  0  0  0  0  0  1  0  1  0  0  0  0)
M013:   2 (  0  1  0  0  0  0  0  1  0  1  0  0  0  1  0  0  0  1  0  0  0  0  0  1  0)
 ---t2---> M029:   3 (  0  0  1  0  0  0  0  1  0  1  0  0  0  1  0  0  0  1  0  0  0  0  0  1  0)
                                                                                        ---t8---> M018:   3 (  0  1  0  0  0  0  1  0  0  2  0  0  0  1  0  0  0  1  0  0  0  0  0  1  0)
                                                                                        ---t13---> M025:   3 (  0  1  0  0  0  0  0  1  0  2  0  0  1  0  0  0  0  1  0  0  0  0  0  1  0)
                                                                                        ---t23---> M030:   3 (  0  1  0  0  0  0  0  1  0  2  0  0  0  1  0  0  0  1  0  0  0  0  1  0  0)
M014:   2 (  1  0  0  0  0  0  0  1  0  2  0  0  0  1  0  0  0  1  0  0  0  0  1  0  0)
 ---t8---> M022:   3 (  1  0  0  0  0  0  1  0  0  3  0  0  0  1  0  0  0  1  0  0  0  0  1  0  0)
                                                                                        ---t13---> M027:   3 (  1  0  0  0  0  0  0  1  0  3  0  0  1  0  0  0  0  1  0  0  0  0  1  0  0)
                                                                                        ---t20---> M031:   3 (  0  0  0  0  0  0  0  1  0  1  0  0  0  1  0  0  0  1  0  0  1  0  0  0  0)
M015:   2 (  0  0  0  0  0  0  0  1  0  0  0  0  0  1  0  0  0  0  1  0  1  0  0  0  0)
 ---t8---> M023:   3 (  0  0  0  0  0  0  1  0  0  1  0  0  0  1  0  0  0  0  1  0  1  0  0  0  0)
                                                                                        ---t13---> M028:   3 (  0  0  0  0  0  0  0  1  0  1  0  0  1  0  0  0  0  0  1  0  1  0  0  0  0)
                                                                                        ---t18---> M031:   3 (  0  0  0  0  0  0  0  1  0  1  0  0  0  1  0  0  0  1  0  0  1  0  0  0  0)
                                                                                        ---t21---> M032:   3 (  0  0  0  0  0  0  0  1  0  0  0  0  0  1  0  0  0  0  1  0  0  1  0  0  0)
M016:   3 (  0  0  0  0  1  0  0  0  0  0  0  0  0  1  0  0  0  0  1  0  0  0  0  1  0)
 ---t6---> M033:   4 (  0  0  0  0  0  1  0  0  0  0  0  0  0  1  0  0  0  0  1  0  0  0  0  1  0)
                                                                                        ---t13---> M034:   4 (  0  0  0  0  1  0  0  0  0  1  0  0  1  0  0  0  0  0  1  0  0  0  0  1  0)
                                                                                        ---t18---> M035:   4 (  0  0  0  0  1  0  0  0  0  1  0  0  0  1  0  0  0  1  0  0  0  0  0  1  0)
                                                                                        ---t23---> M036:   4 (  0  0  0  0  1  0  0  0  0  1  0  0  0  1  0  0  0  0  1  0  0  0  1  0  0)
M017:   3 (  0  1  0  0  0  0  1  0  0  2  0  0  1  0  0  0  0  0  1  0  0  0  0  1  0)
 ---t5---> M034:   4 (  0  0  0  0  1  0  0  0  0  1  0  0  1  0  0  0  0  0  1  0  0  0  0  1  0)
                                                                                        ---t18---> M037:   4 (  0  1  0  0  0  0  1  0  0  3  0  0  1  0  0  0  0  1  0  0  0  0  0  1  0)
                                                                                        ---t23---> M038:   4 (  0  1  0  0  0  0  1  0  0  3  0  0  1  0  0  0  0  0  1  0  0  0  1  0  0)
M018:   3 (  0  1  0  0  0  0  1  0  0  2  0  0  0  1  0  0  0  1  0  0  0  0  0  1  0)
 ---t5---> M035:   4 (  0  0  0  0  1  0  0  0  0  1  0  0  0  1  0  0  0  1  0  0  0  0  0  1  0)
                                                                                        ---t13---> M037:   4 (  0  1  0  0  0  0  1  0  0  3  0  0  1  0  0  0  0  1  0  0  0  0  0  1  0)
                                                                                        ---t23---> M039:   4 (  0  1  0  0  0  0  1  0  0  3  0  0  0  1  0  0  0  1  0  0  0  0  1  0  0)
M019:   3 (  0  1  0  0  0  0  1  0  0  2  0  0  0  1  0  0  0  0  1  0  0  0  1  0  0)
 ---t5---> M036:   4 (  0  0  0  0  1  0  0  0  0  1  0  0  0  1  0  0  0  0  1  0  0  0  1  0  0)
                                                                                        ---t13---> M038:   4 (  0  1  0  0  0  0  1  0  0  3  0  0  1  0  0  0  0  0  1  0  0  0  1  0  0)
                                                                                        ---t18---> M039:   4 (  0  1  0  0  0  0  1  0  0  3  0  0  0  1  0  0  0  1  0  0  0  0  1  0  0)
M020:   3 (  1  0  0  0  0  0  1  0  0  3  0  0  1  0  0  0  0  1  0  0  0  0  0  1  0)
 ---t1---> M037:   4 (  0  1  0  0  0  0  1  0  0  3  0  0  1  0  0  0  0  1  0  0  0  0  0  1  0)
                                                                                        ---t23---> M040:   4 (  1  0  0  0  0  0  1  0  0  4  0  0  1  0  0  0  0  1  0  0  0  0  1  0  0)
M021:   3 (  1  0  0  0  0  0  1  0  0  3  0  0  1  0  0  0  0  0  1  0  0  0  1  0  0)
 ---t18---> M040:   4 (  1  0  0  0  0  0  1  0  0  4  0  0  1  0  0  0  0  1  0  0  0  0  1  0  0)
                                                                                        ---t20---> M041:   4 (  0  0  0  0  0  0  1  0  0  2  0  0  1  0  0  0  0  0  1  0  1  0  0  0  0)
M022:   3 (  1  0  0  0  0  0  1  0  0  3  0  0  0  1  0  0  0  1  0  0  0  0  1  0  0)
 ---t13---> M040:   4 (  1  0  0  0  0  0  1  0  0  4  0  0  1  0  0  0  0  1  0  0  0  0  1  0  0)
                                                                                        ---t20---> M042:   4 (  0  0  0  0  0  0  1  0  0  2  0  0  0  1  0  0  0  1  0  0  1  0  0  0  0)
M023:   3 (  0  0  0  0  0  0  1  0  0  1  0  0  0  1  0  0  0  0  1  0  1  0  0  0  0)
 ---t13---> M041:   4 (  0  0  0  0  0  0  1  0  0  2  0  0  1  0  0  0  0  0  1  0  1  0  0  0  0)
                                                                                        ---t18---> M042:   4 (  0  0  0  0  0  0  1  0  0  2  0  0  0  1  0  0  0  1  0  0  1  0  0  0  0)
                                                                                        ---t21---> M043:   4 (  0  0  0  0  0  0  1  0  0  1  0  0  0  1  0  0  0  0  1  0  0  1  0  0  0)
M024:   3 (  0  0  1  0  0  0  0  1  0  1  0  0  1  0  0  0  0  0  1  0  0  0  0  1  0)
 ---t8---> M044:   4 (  0  0  1  0  0  0  1  0  0  2  0  0  1  0  0  0  0  0  1  0  0  0  0  1  0)
                                                                                        ---t10---> M045:   4 (  0  0  0  0  0  0  0  1  0  0  1  0  0  0  0  0  0  0  1  0  0  0  0  1  0)
                                                                                        ---t18---> M046:   4 (  0  0  1  0  0  0  0  1  0  2  0  0  1  0  0  0  0  1  0  0  0  0  0  1  0)
                                                                                        ---t23---> M047:   4 (  0  0  1  0  0  0  0  1  0  2  0  0  1  0  0  0  0  0  1  0  0  0  1  0  0)
M025:   3 (  0  1  0  0  0  0  0  1  0  2  0  0  1  0  0  0  0  1  0  0  0  0  0  1  0)
 ---t2---> M046:   4 (  0  0  1  0  0  0  0  1  0  2  0  0  1  0  0  0  0  1  0  0  0  0  0  1  0)
                                                                                        ---t8---> M037:   4 (  0  1  0  0  0  0  1  0  0  3  0  0  1  0  0  0  0  1  0  0  0  0  0  1  0)
                                                                                        ---t23---> M048:   4 (  0  1  0  0  0  0  0  1  0  3  0  0  1  0  0  0  0  1  0  0  0  0  1  0  0)
M026:   3 (  0  1  0  0  0  0  0  1  0  2  0  0  1  0  0  0  0  0  1  0  0  0  1  0  0)
 ---t2---> M047:   4 (  0  0  1  0  0  0  0  1  0  2  0  0  1  0  0  0  0  0  1  0  0  0  1  0  0)
                                                                                        ---t8---> M038:   4 (  0  1  0  0  0  0  1  0  0  3  0  0  1  0  0  0  0  0  1  0  0  0  1  0  0)
                                                                                        ---t18---> M048:   4 (  0  1  0  0  0  0  0  1  0  3  0  0  1  0  0  0  0  1  0  0  0  0  1  0  0)
M027:   3 (  1  0  0  0  0  0  0  1  0  3  0  0  1  0  0  0  0  1  0  0  0  0  1  0  0)
 ---t8---> M040:   4 (  1  0  0  0  0  0  1  0  0  4  0  0  1  0  0  0  0  1  0  0  0  0  1  0  0)
                                                                                        ---t20---> M049:   4 (  0  0  0  0  0  0  0  1  0  2  0  0  1  0  0  0  0  1  0  0  1  0  0  0  0)
M028:   3 (  0  0  0  0  0  0  0  1  0  1  0  0  1  0  0  0  0  0  1  0  1  0  0  0  0)
 ---t8---> M041:   4 (  0  0  0  0  0  0  1  0  0  2  0  0  1  0  0  0  0  0  1  0  1  0  0  0  0)
                                                                                        ---t18---> M049:   4 (  0  0  0  0  0  0  0  1  0  2  0  0  1  0  0  0  0  1  0  0  1  0  0  0  0)
                                                                                        ---t21---> M050:   4 (  0  0  0  0  0  0  0  1  0  1  0  0  1  0  0  0  0  0  1  0  0  1  0  0  0)
M029:   3 (  0  0  1  0  0  0  0  1  0  1  0  0  0  1  0  0  0  1  0  0  0  0  0  1  0)
 ---t3---> M051:   4 (  0  0  0  1  0  0  0  1  0  1  0  0  0  1  0  0  0  1  0  0  0  0  0  1  0)
                                                                                        ---t8---> M052:   4 (  0  0  1  0  0  0  1  0  0  2  0  0  0  1  0  0  0  1  0  0  0  0  0  1  0)
                                                                                        ---t13---> M046:   4 (  0  0  1  0  0  0  0  1  0  2  0  0  1  0  0  0  0  1  0  0  0  0  0  1  0)
                                                                                        ---t23---> M053:   4 (  0  0  1  0  0  0  0  1  0  2  0  0  0  1  0  0  0  1  0  0  0  0  1  0  0)
M030:   3 (  0  1  0  0  0  0  0  1  0  2  0  0  0  1  0  0  0  1  0  0  0  0  1  0  0)
 ---t2---> M053:   4 (  0  0  1  0  0  0  0  1  0  2  0  0  0  1  0  0  0  1  0  0  0  0  1  0  0)
                                                                                        ---t8---> M039:   4 (  0  1  0  0  0  0  1  0  0  3  0  0  0  1  0  0  0  1  0  0  0  0  1  0  0)
                                                                                        ---t13---> M048:   4 (  0  1  0  0  0  0  0  1  0  3  0  0  1  0  0  0  0  1  0  0  0  0  1  0  0)
M031:   3 (  0  0  0  0  0  0  0  1  0  1  0  0  0  1  0  0  0  1  0  0  1  0  0  0  0)
 ---t8---> M042:   4 (  0  0  0  0  0  0  1  0  0  2  0  0  0  1  0  0  0  1  0  0  1  0  0  0  0)
                                                                                        ---t13---> M049:   4 (  0  0  0  0  0  0  0  1  0  2  0  0  1  0  0  0  0  1  0  0  1  0  0  0  0)
                                                                                        ---t21---> M054:   4 (  0  0  0  0  0  0  0  1  0  1  0  0  0  1  0  0  0  1  0  0  0  1  0  0  0)
M032:   3 (  0  0  0  0  0  0  0  1  0  0  0  0  0  1  0  0  0  0  1  0  0  1  0  0  0)
 ---t8---> M043:   4 (  0  0  0  0  0  0  1  0  0  1  0  0  0  1  0  0  0  0  1  0  0  1  0  0  0)
                                                                                        ---t13---> M050:   4 (  0  0  0  0  0  0  0  1  0  1  0  0  1  0  0  0  0  0  1  0  0  1  0  0  0)
                                                                                        ---t18---> M054:   4 (  0  0  0  0  0  0  0  1  0  1  0  0  0  1  0  0  0  1  0  0  0  1  0  0  0)
                                                                                        ---t22---> M055:   4 (  0  0  0  0  0  0  0  1  0  0  0  0  0  1  0  0  0  0  1  0  0  0  0  0  1)
M033:   4 (  0  0  0  0  0  1  0  0  0  0  0  0  0  1  0  0  0  0  1  0  0  0  0  1  0)
 ---t7---> M056:   5 (  0  0  0  0  0  0  0  0  1  0  0  0  0  1  0  0  0  0  1  0  0  0  0  1  0)
                                                                                        ---t13---> M057:   5 (  0  0  0  0  0  1  0  0  0  1  0  0  1  0  0  0  0  0  1  0  0  0  0  1  0)
                                                                                        ---t18---> M058:   5 (  0  0  0  0  0  1  0  0  0  1  0  0  0  1  0  0  0  1  0  0  0  0  0  1  0)
                                                                                        ---t23---> M059:   5 (  0  0  0  0  0  1  0  0  0  1  0  0  0  1  0  0  0  0  1  0  0  0  1  0  0)
M034:   4 (  0  0  0  0  1  0  0  0  0  1  0  0  1  0  0  0  0  0  1  0  0  0  0  1  0)
 ---t6---> M057:   5 (  0  0  0  0  0  1  0  0  0  1  0  0  1  0  0  0  0  0  1  0  0  0  0  1  0)
                                                                                        ---t18---> M060:   5 (  0  0  0  0  1  0  0  0  0  2  0  0  1  0  0  0  0  1  0  0  0  0  0  1  0)
                                                                                        ---t23---> M061:   5 (  0  0  0  0  1  0  0  0  0  2  0  0  1  0  0  0  0  0  1  0  0  0  1  0  0)
M035:   4 (  0  0  0  0  1  0  0  0  0  1  0  0  0  1  0  0  0  1  0  0  0  0  0  1  0)
 ---t6---> M058:   5 (  0  0  0  0  0  1  0  0  0  1  0  0  0  1  0  0  0  1  0  0  0  0  0  1  0)
                                                                                        ---t13---> M060:   5 (  0  0  0  0  1  0  0  0  0  2  0  0  1  0  0  0  0  1  0  0  0  0  0  1  0)
                                                                                        ---t23---> M062:   5 (  0  0  0  0  1  0  0  0  0  2  0  0  0  1  0  0  0  1  0  0  0  0  1  0  0)
M036:   4 (  0  0  0  0  1  0  0  0  0  1  0  0  0  1  0  0  0  0  1  0  0  0  1  0  0)
 ---t6---> M059:   5 (  0  0  0  0  0  1  0  0  0  1  0  0  0  1  0  0  0  0  1  0  0  0  1  0  0)
                                                                                        ---t13---> M061:   5 (  0  0  0  0  1  0  0  0  0  2  0  0  1  0  0  0  0  0  1  0  0  0  1  0  0)
                                                                                        ---t18---> M062:   5 (  0  0  0  0  1  0  0  0  0  2  0  0  0  1  0  0  0  1  0  0  0  0  1  0  0)
M037:   4 (  0  1  0  0  0  0  1  0  0  3  0  0  1  0  0  0  0  1  0  0  0  0  0  1  0)
 ---t5---> M060:   5 (  0  0  0  0  1  0  0  0  0  2  0  0  1  0  0  0  0  1  0  0  0  0  0  1  0)
                                                                                        ---t23---> M063:   5 (  0  1  0  0  0  0  1  0  0  4  0  0  1  0  0  0  0  1  0  0  0  0  1  0  0)
M038:   4 (  0  1  0  0  0  0  1  0  0  3  0  0  1  0  0  0  0  0  1  0  0  0  1  0  0)
 ---t5---> M061:   5 (  0  0  0  0  1  0  0  0  0  2  0  0  1  0  0  0  0  0  1  0  0  0  1  0  0)
                                                                                        ---t18---> M063:   5 (  0  1  0  0  0  0  1  0  0  4  0  0  1  0  0  0  0  1  0  0  0  0  1  0  0)
M039:   4 (  0  1  0  0  0  0  1  0  0  3  0  0  0  1  0  0  0  1  0  0  0  0  1  0  0)
 ---t5---> M062:   5 (  0  0  0  0  1  0  0  0  0  2  0  0  0  1  0  0  0  1  0  0  0  0  1  0  0)
                                                                                        ---t13---> M063:   5 (  0  1  0  0  0  0  1  0  0  4  0  0  1  0  0  0  0  1  0  0  0  0  1  0  0)
M040:   4 (  1  0  0  0  0  0  1  0  0  4  0  0  1  0  0  0  0  1  0  0  0  0  1  0  0)
 ---t20---> M064:   5 (  0  0  0  0  0  0  1  0  0  3  0  0  1  0  0  0  0  1  0  0  1  0  0  0  0)
M041:   4 (  0  0  0  0  0  0  1  0  0  2  0  0  1  0  0  0  0  0  1  0  1  0  0  0  0)
 ---t18---> M064:   5 (  0  0  0  0  0  0  1  0  0  3  0  0  1  0  0  0  0  1  0  0  1  0  0  0  0)
                                                                                        ---t21---> M065:   5 (  0  0  0  0  0  0  1  0  0  2  0  0  1  0  0  0  0  0  1  0  0  1  0  0  0)
M042:   4 (  0  0  0  0  0  0  1  0  0  2  0  0  0  1  0  0  0  1  0  0  1  0  0  0  0)
 ---t13---> M064:   5 (  0  0  0  0  0  0  1  0  0  3  0  0  1  0  0  0  0  1  0  0  1  0  0  0  0)
                                                                                        ---t21---> M066:   5 (  0  0  0  0  0  0  1  0  0  2  0  0  0  1  0  0  0  1  0  0  0  1  0  0  0)
M043:   4 (  0  0  0  0  0  0  1  0  0  1  0  0  0  1  0  0  0  0  1  0  0  1  0  0  0)
 ---t13---> M065:   5 (  0  0  0  0  0  0  1  0  0  2  0  0  1  0  0  0  0  0  1  0  0  1  0  0  0)
                                                                                        ---t18---> M066:   5 (  0  0  0  0  0  0  1  0  0  2  0  0  0  1  0  0  0  1  0  0  0  1  0  0  0)
                                                                                        ---t22---> M067:   5 (  0  0  0  0  0  0  1  0  0  1  0  0  0  1  0  0  0  0  1  0  0  0  0  0  1)
M044:   4 (  0  0  1  0  0  0  1  0  0  2  0  0  1  0  0  0  0  0  1  0  0  0  0  1  0)
 ---t10---> M068:   5 (  0  0  0  0  0  0  1  0  0  1  1  0  0  0  0  0  0  0  1  0  0  0  0  1  0)
                                                                                        ---t18---> M069:   5 (  0  0  1  0  0  0  1  0  0  3  0  0  1  0  0  0  0  1  0  0  0  0  0  1  0)
                                                                                        ---t23---> M070:   5 (  0  0  1  0  0  0  1  0  0  3  0  0  1  0  0  0  0  0  1  0  0  0  1  0  0)
M045:   4 (  0  0  0  0  0  0  0  1  0  0  1  0  0  0  0  0  0  0  1  0  0  0  0  1  0)
 ---t8---> M068:   5 (  0  0  0  0  0  0  1  0  0  1  1  0  0  0  0  0  0  0  1  0  0  0  0  1  0)
                                                                                        ---t11---> M071:   5 (  0  0  0  0  0  0  0  1  0  0  0  1  0  0  0  0  0  0  1  0  0  0  0  1  0)
                                                                                        ---t18---> M072:   5 (  0  0  0  0  0  0  0  1  0  1  1  0  0  0  0  0  0  1  0  0  0  0  0  1  0)
                                                                                        ---t23---> M073:   5 (  0  0  0  0  0  0  0  1  0  1  1  0  0  0  0  0  0  0  1  0  0  0  1  0  0)
M046:   4 (  0  0  1  0  0  0  0  1  0  2  0  0  1  0  0  0  0  1  0  0  0  0  0  1  0)
 ---t8---> M069:   5 (  0  0  1  0  0  0  1  0  0  3  0  0  1  0  0  0  0  1  0  0  0  0  0  1  0)
                                                                                        ---t10---> M072:   5 (  0  0  0  0  0  0  0  1  0  1  1  0  0  0  0  0  0  1  0  0  0  0  0  1  0)
                                                                                        ---t23---> M074:   5 (  0  0  1  0  0  0  0  1  0  3  0  0  1  0  0  0  0  1  0  0  0  0  1  0  0)
M047:   4 (  0  0  1  0  0  0  0  1  0  2  0  0  1  0  0  0  0  0  1  0  0  0  1  0  0)
 ---t8---> M070:   5 (  0  0  1  0  0  0  1  0  0  3  0  0  1  0  0  0  0  0  1  0  0  0  1  0  0)
                                                                                        ---t10---> M073:   5 (  0  0  0  0  0  0  0  1  0  1  1  0  0  0  0  0  0  0  1  0  0  0  1  0  0)
                                                                                        ---t18---> M074:   5 (  0  0  1  0  0  0  0  1  0  3  0  0  1  0  0  0  0  1  0  0  0  0  1  0  0)
M048:   4 (  0  1  0  0  0  0  0  1  0  3  0  0  1  0  0  0  0  1  0  0  0  0  1  0  0)
 ---t2---> M074:   5 (  0  0  1  0  0  0  0  1  0  3  0  0  1  0  0  0  0  1  0  0  0  0  1  0  0)
                                                                                        ---t8---> M063:   5 (  0  1  0  0  0  0  1  0  0  4  0  0  1  0  0  0  0  1  0  0  0  0  1  0  0)
M049:   4 (  0  0  0  0  0  0  0  1  0  2  0  0  1  0  0  0  0  1  0  0  1  0  0  0  0)
 ---t8---> M064:   5 (  0  0  0  0  0  0  1  0  0  3  0  0  1  0  0  0  0  1  0  0  1  0  0  0  0)
                                                                                        ---t21---> M075:   5 (  0  0  0  0  0  0  0  1  0  2  0  0  1  0  0  0  0  1  0  0  0  1  0  0  0)
M050:   4 (  0  0  0  0  0  0  0  1  0  1  0  0  1  0  0  0  0  0  1  0  0  1  0  0  0)
 ---t8---> M065:   5 (  0  0  0  0  0  0  1  0  0  2  0  0  1  0  0  0  0  0  1  0  0  1  0  0  0)
                                                                                        ---t18---> M075:   5 (  0  0  0  0  0  0  0  1  0  2  0  0  1  0  0  0  0  1  0  0  0  1  0  0  0)
                                                                                        ---t22---> M076:   5 (  0  0  0  0  0  0  0  1  0  1  0  0  1  0  0  0  0  0  1  0  0  0  0  0  1)
M051:   4 (  0  0  0  1  0  0  0  1  0  1  0  0  0  1  0  0  0  1  0  0  0  0  0  1  0)
 ---t8---> M077:   5 (  0  0  0  1  0  0  1  0  0  2  0  0  0  1  0  0  0  1  0  0  0  0  0  1  0)
                                                                                        ---t13---> M078:   5 (  0  0  0  1  0  0  0  1  0  2  0  0  1  0  0  0  0  1  0  0  0  0  0  1  0)
                                                                                        ---t15---> M079:   5 (  0  0  0  0  0  0  0  1  0  0  0  0  0  1  0  1  0  0  0  0  0  0  0  1  0)
                                                                                        ---t23---> M080:   5 (  0  0  0  1  0  0  0  1  0  2  0  0  0  1  0  0  0  1  0  0  0  0  1  0  0)
M052:   4 (  0  0  1  0  0  0  1  0  0  2  0  0  0  1  0  0  0  1  0  0  0  0  0  1  0)
 ---t3---> M077:   5 (  0  0  0  1  0  0  1  0  0  2  0  0  0  1  0  0  0  1  0  0  0  0  0  1  0)
                                                                                        ---t13---> M069:   5 (  0  0  1  0  0  0  1  0  0  3  0  0  1  0  0  0  0  1  0  0  0  0  0  1  0)
                                                                                        ---t23---> M081:   5 (  0  0  1  0  0  0  1  0  0  3  0  0  0  1  0  0  0  1  0  0  0  0  1  0  0)
M053:   4 (  0  0  1  0  0  0  0  1  0  2  0  0  0  1  0  0  0  1  0  0  0  0  1  0  0)
 ---t3---> M080:   5 (  0  0  0  1  0  0  0  1  0  2  0  0  0  1  0  0  0  1  0  0  0  0  1  0  0)
                                                                                        ---t8---> M081:   5 (  0  0  1  0  0  0  1  0  0  3  0  0  0  1  0  0  0  1  0  0  0  0  1  0  0)
                                                                                        ---t13---> M074:   5 (  0  0  1  0  0  0  0  1  0  3  0  0  1  0  0  0  0  1  0  0  0  0  1  0  0)
M054:   4 (  0  0  0  0  0  0  0  1  0  1  0  0  0  1  0  0  0  1  0  0  0  1  0  0  0)
 ---t8---> M066:   5 (  0  0  0  0  0  0  1  0  0  2  0  0  0  1  0  0  0  1  0  0  0  1  0  0  0)
                                                                                        ---t13---> M075:   5 (  0  0  0  0  0  0  0  1  0  2  0  0  1  0  0  0  0  1  0  0  0  1  0  0  0)
                                                                                        ---t22---> M082:   5 (  0  0  0  0  0  0  0  1  0  1  0  0  0  1  0  0  0  1  0  0  0  0  0  0  1)
M055:   4 (  0  0  0  0  0  0  0  1  0  0  0  0  0  1  0  0  0  0  1  0  0  0  0  0  1)
 ---t8---> M067:   5 (  0  0  0  0  0  0  1  0  0  1  0  0  0  1  0  0  0  0  1  0  0  0  0  0  1)
                                                                                        ---t13---> M076:   5 (  0  0  0  0  0  0  0  1  0  1  0  0  1  0  0  0  0  0  1  0  0  0  0  0  1)
                                                                                        ---t18---> M082:   5 (  0  0  0  0  0  0  0  1  0  1  0  0  0  1  0  0  0  1  0  0  0  0  0  0  1)
M056:   5 (  0  0  0  0  0  0  0  0  1  0  0  0  0  1  0  0  0  0  1  0  0  0  0  1  0)
 ---t13---> M083:   6 (  0  0  0  0  0  0  0  0  1  1  0  0  1  0  0  0  0  0  1  0  0  0  0  1  0)
                                                                                        ---t18---> M084:   6 (  0  0  0  0  0  0  0  0  1  1  0  0  0  1  0  0  0  1  0  0  0  0  0  1  0)
                                                                                        ---t23---> M085:   6 (  0  0  0  0  0  0  0  0  1  1  0  0  0  1  0  0  0  0  1  0  0  0  1  0  0)
M057:   5 (  0  0  0  0  0  1  0  0  0  1  0  0  1  0  0  0  0  0  1  0  0  0  0  1  0)
 ---t7---> M083:   6 (  0  0  0  0  0  0  0  0  1  1  0  0  1  0  0  0  0  0  1  0  0  0  0  1  0)
                                                                                        ---t18---> M086:   6 (  0  0  0  0  0  1  0  0  0  2  0  0  1  0  0  0  0  1  0  0  0  0  0  1  0)
                                                                                        ---t23---> M087:   6 (  0  0  0  0  0  1  0  0  0  2  0  0  1  0  0  0  0  0  1  0  0  0  1  0  0)
M058:   5 (  0  0  0  0  0  1  0  0  0  1  0  0  0  1  0  0  0  1  0  0  0  0  0  1  0)
 ---t7---> M084:   6 (  0  0  0  0  0  0  0  0  1  1  0  0  0  1  0  0  0  1  0  0  0  0  0  1  0)
                                                                                        ---t13---> M086:   6 (  0  0  0  0  0  1  0  0  0  2  0  0  1  0  0  0  0  1  0  0  0  0  0  1  0)
                                                                                        ---t23---> M088:   6 (  0  0  0  0  0  1  0  0  0  2  0  0  0  1  0  0  0  1  0  0  0  0  1  0  0)
M059:   5 (  0  0  0  0  0  1  0  0  0  1  0  0  0  1  0  0  0  0  1  0  0  0  1  0  0)
 ---t7---> M085:   6 (  0  0  0  0  0  0  0  0  1  1  0  0  0  1  0  0  0  0  1  0  0  0  1  0  0)
                                                                                        ---t13---> M087:   6 (  0  0  0  0  0  1  0  0  0  2  0  0  1  0  0  0  0  0  1  0  0  0  1  0  0)
                                                                                        ---t18---> M088:   6 (  0  0  0  0  0  1  0  0  0  2  0  0  0  1  0  0  0  1  0  0  0  0  1  0  0)
M060:   5 (  0  0  0  0  1  0  0  0  0  2  0  0  1  0  0  0  0  1  0  0  0  0  0  1  0)
 ---t6---> M086:   6 (  0  0  0  0  0  1  0  0  0  2  0  0  1  0  0  0  0  1  0  0  0  0  0  1  0)
                                                                                        ---t23---> M089:   6 (  0  0  0  0  1  0  0  0  0  3  0  0  1  0  0  0  0  1  0  0  0  0  1  0  0)
M061:   5 (  0  0  0  0  1  0  0  0  0  2  0  0  1  0  0  0  0  0  1  0  0  0  1  0  0)
 ---t6---> M087:   6 (  0  0  0  0  0  1  0  0  0  2  0  0  1  0  0  0  0  0  1  0  0  0  1  0  0)
                                                                                        ---t18---> M089:   6 (  0  0  0  0  1  0  0  0  0  3  0  0  1  0  0  0  0  1  0  0  0  0  1  0  0)
M062:   5 (  0  0  0  0  1  0  0  0  0  2  0  0  0  1  0  0  0  1  0  0  0  0  1  0  0)
 ---t6---> M088:   6 (  0  0  0  0  0  1  0  0  0  2  0  0  0  1  0  0  0  1  0  0  0  0  1  0  0)
                                                                                        ---t13---> M089:   6 (  0  0  0  0  1  0  0  0  0  3  0  0  1  0  0  0  0  1  0  0  0  0  1  0  0)
M063:   5 (  0  1  0  0  0  0  1  0  0  4  0  0  1  0  0  0  0  1  0  0  0  0  1  0  0)
 ---t5---> M089:   6 (  0  0  0  0  1  0  0  0  0  3  0  0  1  0  0  0  0  1  0  0  0  0  1  0  0)
M064:   5 (  0  0  0  0  0  0  1  0  0  3  0  0  1  0  0  0  0  1  0  0  1  0  0  0  0)
 ---t21---> M090:   6 (  0  0  0  0  0  0  1  0  0  3  0  0  1  0  0  0  0  1  0  0  0  1  0  0  0)
M065:   5 (  0  0  0  0  0  0  1  0  0  2  0  0  1  0  0  0  0  0  1  0  0  1  0  0  0)
 ---t18---> M090:   6 (  0  0  0  0  0  0  1  0  0  3  0  0  1  0  0  0  0  1  0  0  0  1  0  0  0)
                                                                                        ---t22---> M091:   6 (  0  0  0  0  0  0  1  0  0  2  0  0  1  0  0  0  0  0  1  0  0  0  0  0  1)
M066:   5 (  0  0  0  0  0  0  1  0  0  2  0  0  0  1  0  0  0  1  0  0  0  1  0  0  0)
 ---t13---> M090:   6 (  0  0  0  0  0  0  1  0  0  3  0  0  1  0  0  0  0  1  0  0  0  1  0  0  0)
                                                                                        ---t22---> M092:   6 (  0  0  0  0  0  0  1  0  0  2  0  0  0  1  0  0  0  1  0  0  0  0  0  0  1)
M067:   5 (  0  0  0  0  0  0  1  0  0  1  0  0  0  1  0  0  0  0  1  0  0  0  0  0  1)
 ---t13---> M091:   6 (  0  0  0  0  0  0  1  0  0  2  0  0  1  0  0  0  0  0  1  0  0  0  0  0  1)
                                                                                        ---t18---> M092:   6 (  0  0  0  0  0  0  1  0  0  2  0  0  0  1  0  0  0  1  0  0  0  0  0  0  1)
                                                                                        ---t24---> M006:   2 (  0  1  0  0  0  0  1  0  0  1  0  0  0  1  0  0  0  0  1  0  0  0  0  1  0)
M068:   5 (  0  0  0  0  0  0  1  0  0  1  1  0  0  0  0  0  0  0  1  0  0  0  0  1  0)
 ---t11---> M093:   6 (  0  0  0  0  0  0  1  0  0  1  0  1  0  0  0  0  0  0  1  0  0  0  0  1  0)
                                                                                        ---t18---> M094:   6 (  0  0  0  0  0  0  1  0  0  2  1  0  0  0  0  0  0  1  0  0  0  0  0  1  0)
                                                                                        ---t23---> M095:   6 (  0  0  0  0  0  0  1  0  0  2  1  0  0  0  0  0  0  0  1  0  0  0  1  0  0)
M069:   5 (  0  0  1  0  0  0  1  0  0  3  0  0  1  0  0  0  0  1  0  0  0  0  0  1  0)
 ---t10---> M094:   6 (  0  0  0  0  0  0  1  0  0  2  1  0  0  0  0  0  0  1  0  0  0  0  0  1  0)
                                                                                        ---t23---> M096:   6 (  0  0  1  0  0  0  1  0  0  4  0  0  1  0  0  0  0  1  0  0  0  0  1  0  0)
M070:   5 (  0  0  1  0  0  0  1  0  0  3  0  0  1  0  0  0  0  0  1  0  0  0  1  0  0)
 ---t10---> M095:   6 (  0  0  0  0  0  0  1  0  0  2  1  0  0  0  0  0  0  0  1  0  0  0  1  0  0)
                                                                                        ---t18---> M096:   6 (  0  0  1  0  0  0  1  0  0  4  0  0  1  0  0  0  0  1  0  0  0  0  1  0  0)
M071:   5 (  0  0  0  0  0  0  0  1  0  0  0  1  0  0  0  0  0  0  1  0  0  0  0  1  0)
 ---t8---> M093:   6 (  0  0  0  0  0  0  1  0  0  1  0  1  0  0  0  0  0  0  1  0  0  0  0  1  0)
                                                                                        ---t12---> M097:   6 (  0  0  0  0  0  0  0  1  0  0  0  0  0  0  1  0  0  0  1  0  0  0  0  1  0)
                                                                                        ---t18---> M098:   6 (  0  0  0  0  0  0  0  1  0  1  0  1  0  0  0  0  0  1  0  0  0  0  0  1  0)
                                                                                        ---t23---> M099:   6 (  0  0  0  0  0  0  0  1  0  1  0  1  0  0  0  0  0  0  1  0  0  0  1  0  0)
M072:   5 (  0  0  0  0  0  0  0  1  0  1  1  0  0  0  0  0  0  1  0  0  0  0  0  1  0)
 ---t8---> M094:   6 (  0  0  0  0  0  0  1  0  0  2  1  0  0  0  0  0  0  1  0  0  0  0  0  1  0)
                                                                                        ---t11---> M098:   6 (  0  0  0  0  0  0  0  1  0  1  0  1  0  0  0  0  0  1  0  0  0  0  0  1  0)
                                                                                        ---t23---> M100:   6 (  0  0  0  0  0  0  0  1  0  2  1  0  0  0  0  0  0  1  0  0  0  0  1  0  0)
M073:   5 (  0  0  0  0  0  0  0  1  0  1  1  0  0  0  0  0  0  0  1  0  0  0  1  0  0)
 ---t8---> M095:   6 (  0  0  0  0  0  0  1  0  0  2  1  0  0  0  0  0  0  0  1  0  0  0  1  0  0)
                                                                                        ---t11---> M099:   6 (  0  0  0  0  0  0  0  1  0  1  0  1  0  0  0  0  0  0  1  0  0  0  1  0  0)
                                                                                        ---t18---> M100:   6 (  0  0  0  0  0  0  0  1  0  2  1  0  0  0  0  0  0  1  0  0  0  0  1  0  0)
M074:   5 (  0  0  1  0  0  0  0  1  0  3  0  0  1  0  0  0  0  1  0  0  0  0  1  0  0)
 ---t8---> M096:   6 (  0  0  1  0  0  0  1  0  0  4  0  0  1  0  0  0  0  1  0  0  0  0  1  0  0)
                                                                                        ---t10---> M100:   6 (  0  0  0  0  0  0  0  1  0  2  1  0  0  0  0  0  0  1  0  0  0  0  1  0  0)
M075:   5 (  0  0  0  0  0  0  0  1  0  2  0  0  1  0  0  0  0  1  0  0  0  1  0  0  0)
 ---t8---> M090:   6 (  0  0  0  0  0  0  1  0  0  3  0  0  1  0  0  0  0  1  0  0  0  1  0  0  0)
                                                                                        ---t22---> M101:   6 (  0  0  0  0  0  0  0  1  0  2  0  0  1  0  0  0  0  1  0  0  0  0  0  0  1)
M076:   5 (  0  0  0  0  0  0  0  1  0  1  0  0  1  0  0  0  0  0  1  0  0  0  0  0  1)
 ---t8---> M091:   6 (  0  0  0  0  0  0  1  0  0  2  0  0  1  0  0  0  0  0  1  0  0  0  0  0  1)
                                                                                        ---t18---> M101:   6 (  0  0  0  0  0  0  0  1  0  2  0  0  1  0  0  0  0  1  0  0  0  0  0  0  1)
                                                                                        ---t24---> M010:   2 (  0  1  0  0  0  0  0  1  0  1  0  0  1  0  0  0  0  0  1  0  0  0  0  1  0)
M077:   5 (  0  0  0  1  0  0  1  0  0  2  0  0  0  1  0  0  0  1  0  0  0  0  0  1  0)
 ---t13---> M102:   6 (  0  0  0  1  0  0  1  0  0  3  0  0  1  0  0  0  0  1  0  0  0  0  0  1  0)
                                                                                        ---t15---> M103:   6 (  0  0  0  0  0  0  1  0  0  1  0  0  0  1  0  1  0  0  0  0  0  0  0  1  0)
                                                                                        ---t23---> M104:   6 (  0  0  0  1  0  0  1  0  0  3  0  0  0  1  0  0  0  1  0  0  0  0  1  0  0)
M078:   5 (  0  0  0  1  0  0  0  1  0  2  0  0  1  0  0  0  0  1  0  0  0  0  0  1  0)
 ---t8---> M102:   6 (  0  0  0  1  0  0  1  0  0  3  0  0  1  0  0  0  0  1  0  0  0  0  0  1  0)
                                                                                        ---t15---> M105:   6 (  0  0  0  0  0  0  0  1  0  1  0  0  1  0  0  1  0  0  0  0  0  0  0  1  0)
                                                                                        ---t23---> M106:   6 (  0  0  0  1  0  0  0  1  0  3  0  0  1  0  0  0  0  1  0  0  0  0  1  0  0)
M079:   5 (  0  0  0  0  0  0  0  1  0  0  0  0  0  1  0  1  0  0  0  0  0  0  0  1  0)
 ---t8---> M103:   6 (  0  0  0  0  0  0  1  0  0  1  0  0  0  1  0  1  0  0  0  0  0  0  0  1  0)
                                                                                        ---t13---> M105:   6 (  0  0  0  0  0  0  0  1  0  1  0  0  1  0  0  1  0  0  0  0  0  0  0  1  0)
                                                                                        ---t16---> M107:   6 (  0  0  0  0  0  0  0  1  0  0  0  0  0  1  0  0  1  0  0  0  0  0  0  1  0)
                                                                                        ---t23---> M108:   6 (  0  0  0  0  0  0  0  1  0  1  0  0  0  1  0  1  0  0  0  0  0  0  1  0  0)
M080:   5 (  0  0  0  1  0  0  0  1  0  2  0  0  0  1  0  0  0  1  0  0  0  0  1  0  0)
 ---t8---> M104:   6 (  0  0  0  1  0  0  1  0  0  3  0  0  0  1  0  0  0  1  0  0  0  0  1  0  0)
                                                                                        ---t13---> M106:   6 (  0  0  0  1  0  0  0  1  0  3  0  0  1  0  0  0  0  1  0  0  0  0  1  0  0)
                                                                                        ---t15---> M108:   6 (  0  0  0  0  0  0  0  1  0  1  0  0  0  1  0  1  0  0  0  0  0  0  1  0  0)
M081:   5 (  0  0  1  0  0  0  1  0  0  3  0  0  0  1  0  0  0  1  0  0  0  0  1  0  0)
 ---t3---> M104:   6 (  0  0  0  1  0  0  1  0  0  3  0  0  0  1  0  0  0  1  0  0  0  0  1  0  0)
                                                                                        ---t13---> M096:   6 (  0  0  1  0  0  0  1  0  0  4  0  0  1  0  0  0  0  1  0  0  0  0  1  0  0)
M082:   5 (  0  0  0  0  0  0  0  1  0  1  0  0  0  1  0  0  0  1  0  0  0  0  0  0  1)
 ---t8---> M092:   6 (  0  0  0  0  0  0  1  0  0  2  0  0  0  1  0  0  0  1  0  0  0  0  0  0  1)
                                                                                        ---t13---> M101:   6 (  0  0  0  0  0  0  0  1  0  2  0  0  1  0  0  0  0  1  0  0  0  0  0  0  1)
                                                                                        ---t24---> M013:   2 (  0  1  0  0  0  0  0  1  0  1  0  0  0  1  0  0  0  1  0  0  0  0  0  1  0)
M083:   6 (  0  0  0  0  0  0  0  0  1  1  0  0  1  0  0  0  0  0  1  0  0  0  0  1  0)
 ---t9---> M024:   3 (  0  0  1  0  0  0  0  1  0  1  0  0  1  0  0  0  0  0  1  0  0  0  0  1  0)
                                                                                        ---t18---> M109:   7 (  0  0  0  0  0  0  0  0  1  2  0  0  1  0  0  0  0  1  0  0  0  0  0  1  0)
                                                                                        ---t23---> M110:   7 (  0  0  0  0  0  0  0  0  1  2  0  0  1  0  0  0  0  0  1  0  0  0  1  0  0)
M084:   6 (  0  0  0  0  0  0  0  0  1  1  0  0  0  1  0  0  0  1  0  0  0  0  0  1  0)
 ---t9---> M029:   3 (  0  0  1  0  0  0  0  1  0  1  0  0  0  1  0  0  0  1  0  0  0  0  0  1  0)
                                                                                        ---t13---> M109:   7 (  0  0  0  0  0  0  0  0  1  2  0  0  1  0  0  0  0  1  0  0  0  0  0  1  0)
                                                                                        ---t23---> M111:   7 (  0  0  0  0  0  0  0  0  1  2  0  0  0  1  0  0  0  1  0  0  0  0  1  0  0)
M085:   6 (  0  0  0  0  0  0  0  0  1  1  0  0  0  1  0  0  0  0  1  0  0  0  1  0  0)
 ---t9---> M112:   7 (  0  0  1  0  0  0  0  1  0  1  0  0  0  1  0  0  0  0  1  0  0  0  1  0  0)
                                                                                        ---t13---> M110:   7 (  0  0  0  0  0  0  0  0  1  2  0  0  1  0  0  0  0  0  1  0  0  0  1  0  0)
                                                                                        ---t18---> M111:   7 (  0  0  0  0  0  0  0  0  1  2  0  0  0  1  0  0  0  1  0  0  0  0  1  0  0)
M086:   6 (  0  0  0  0  0  1  0  0  0  2  0  0  1  0  0  0  0  1  0  0  0  0  0  1  0)
 ---t7---> M109:   7 (  0  0  0  0  0  0  0  0  1  2  0  0  1  0  0  0  0  1  0  0  0  0  0  1  0)
                                                                                        ---t23---> M113:   7 (  0  0  0  0  0  1  0  0  0  3  0  0  1  0  0  0  0  1  0  0  0  0  1  0  0)
M087:   6 (  0  0  0  0  0  1  0  0  0  2  0  0  1  0  0  0  0  0  1  0  0  0  1  0  0)
 ---t7---> M110:   7 (  0  0  0  0  0  0  0  0  1  2  0  0  1  0  0  0  0  0  1  0  0  0  1  0  0)
                                                                                        ---t18---> M113:   7 (  0  0  0  0  0  1  0  0  0  3  0  0  1  0  0  0  0  1  0  0  0  0  1  0  0)
M088:   6 (  0  0  0  0  0  1  0  0  0  2  0  0  0  1  0  0  0  1  0  0  0  0  1  0  0)
 ---t7---> M111:   7 (  0  0  0  0  0  0  0  0  1  2  0  0  0  1  0  0  0  1  0  0  0  0  1  0  0)
                                                                                        ---t13---> M113:   7 (  0  0  0  0  0  1  0  0  0  3  0  0  1  0  0  0  0  1  0  0  0  0  1  0  0)
M089:   6 (  0  0  0  0  1  0  0  0  0  3  0  0  1  0  0  0  0  1  0  0  0  0  1  0  0)
 ---t6---> M113:   7 (  0  0  0  0  0  1  0  0  0  3  0  0  1  0  0  0  0  1  0  0  0  0  1  0  0)
M090:   6 (  0  0  0  0  0  0  1  0  0  3  0  0  1  0  0  0  0  1  0  0  0  1  0  0  0)
 ---t22---> M114:   7 (  0  0  0  0  0  0  1  0  0  3  0  0  1  0  0  0  0  1  0  0  0  0  0  0  1)
M091:   6 (  0  0  0  0  0  0  1  0  0  2  0  0  1  0  0  0  0  0  1  0  0  0  0  0  1)
 ---t18---> M114:   7 (  0  0  0  0  0  0  1  0  0  3  0  0  1  0  0  0  0  1  0  0  0  0  0  0  1)
                                                                                        ---t24---> M017:   3 (  0  1  0  0  0  0  1  0  0  2  0  0  1  0  0  0  0  0  1  0  0  0  0  1  0)
M092:   6 (  0  0  0  0  0  0  1  0  0  2  0  0  0  1  0  0  0  1  0  0  0  0  0  0  1)
 ---t13---> M114:   7 (  0  0  0  0  0  0  1  0  0  3  0  0  1  0  0  0  0  1  0  0  0  0  0  0  1)
                                                                                        ---t24---> M018:   3 (  0  1  0  0  0  0  1  0  0  2  0  0  0  1  0  0  0  1  0  0  0  0  0  1  0)
M093:   6 (  0  0  0  0  0  0  1  0  0  1  0  1  0  0  0  0  0  0  1  0  0  0  0  1  0)
 ---t12---> M115:   7 (  0  0  0  0  0  0  1  0  0  1  0  0  0  0  1  0  0  0  1  0  0  0  0  1  0)
                                                                                        ---t18---> M116:   7 (  0  0  0  0  0  0  1  0  0  2  0  1  0  0  0  0  0  1  0  0  0  0  0  1  0)
                                                                                        ---t23---> M117:   7 (  0  0  0  0  0  0  1  0  0  2  0  1  0  0  0  0  0  0  1  0  0  0  1  0  0)
M094:   6 (  0  0  0  0  0  0  1  0  0  2  1  0  0  0  0  0  0  1  0  0  0  0  0  1  0)
 ---t11---> M116:   7 (  0  0  0  0  0  0  1  0  0  2  0  1  0  0  0  0  0  1  0  0  0  0  0  1  0)
                                                                                        ---t23---> M118:   7 (  0  0  0  0  0  0  1  0  0  3  1  0  0  0  0  0  0  1  0  0  0  0  1  0  0)
M095:   6 (  0  0  0  0  0  0  1  0  0  2  1  0  0  0  0  0  0  0  1  0  0  0  1  0  0)
 ---t11---> M117:   7 (  0  0  0  0  0  0  1  0  0  2  0  1  0  0  0  0  0  0  1  0  0  0  1  0  0)
                                                                                        ---t18---> M118:   7 (  0  0  0  0  0  0  1  0  0  3  1  0  0  0  0  0  0  1  0  0  0  0  1  0  0)
M096:   6 (  0  0  1  0  0  0  1  0  0  4  0  0  1  0  0  0  0  1  0  0  0  0  1  0  0)
 ---t10---> M118:   7 (  0  0  0  0  0  0  1  0  0  3  1  0  0  0  0  0  0  1  0  0  0  0  1  0  0)
M097:   6 (  0  0  0  0  0  0  0  1  0  0  0  0  0  0  1  0  0  0  1  0  0  0  0  1  0)
 ---t8---> M115:   7 (  0  0  0  0  0  0  1  0  0  1  0  0  0  0  1  0  0  0  1  0  0  0  0  1  0)
                                                                                        ---t18---> M119:   7 (  0  0  0  0  0  0  0  1  0  1  0  0  0  0  1  0  0  1  0  0  0  0  0  1  0)
                                                                                        ---t23---> M120:   7 (  0  0  0  0  0  0  0  1  0  1  0  0  0  0  1  0  0  0  1  0  0  0  1  0  0)
M098:   6 (  0  0  0  0  0  0  0  1  0  1  0  1  0  0  0  0  0  1  0  0  0  0  0  1  0)
 ---t8---> M116:   7 (  0  0  0  0  0  0  1  0  0  2  0  1  0  0  0  0  0  1  0  0  0  0  0  1  0)
                                                                                        ---t12---> M119:   7 (  0  0  0  0  0  0  0  1  0  1  0  0  0  0  1  0  0  1  0  0  0  0  0  1  0)
                                                                                        ---t23---> M121:   7 (  0  0  0  0  0  0  0  1  0  2  0  1  0  0  0  0  0  1  0  0  0  0  1  0  0)
M099:   6 (  0  0  0  0  0  0  0  1  0  1  0  1  0  0  0  0  0  0  1  0  0  0  1  0  0)
 ---t8---> M117:   7 (  0  0  0  0  0  0  1  0  0  2  0  1  0  0  0  0  0  0  1  0  0  0  1  0  0)
                                                                                        ---t12---> M120:   7 (  0  0  0  0  0  0  0  1  0  1  0  0  0  0  1  0  0  0  1  0  0  0  1  0  0)
                                                                                        ---t18---> M121:   7 (  0  0  0  0  0  0  0  1  0  2  0  1  0  0  0  0  0  1  0  0  0  0  1  0  0)
M100:   6 (  0  0  0  0  0  0  0  1  0  2  1  0  0  0  0  0  0  1  0  0  0  0  1  0  0)
 ---t8---> M118:   7 (  0  0  0  0  0  0  1  0  0  3  1  0  0  0  0  0  0  1  0  0  0  0  1  0  0)
                                                                                        ---t11---> M121:   7 (  0  0  0  0  0  0  0  1  0  2  0  1  0  0  0  0  0  1  0  0  0  0  1  0  0)
M101:   6 (  0  0  0  0  0  0  0  1  0  2  0  0  1  0  0  0  0  1  0  0  0  0  0  0  1)
 ---t8---> M114:   7 (  0  0  0  0  0  0  1  0  0  3  0  0  1  0  0  0  0  1  0  0  0  0  0  0  1)
                                                                                        ---t24---> M025:   3 (  0  1  0  0  0  0  0  1  0  2  0  0  1  0  0  0  0  1  0  0  0  0  0  1  0)
M102:   6 (  0  0  0  1  0  0  1  0  0  3  0  0  1  0  0  0  0  1  0  0  0  0  0  1  0)
 ---t15---> M122:   7 (  0  0  0  0  0  0  1  0  0  2  0  0  1  0  0  1  0  0  0  0  0  0  0  1  0)
                                                                                        ---t23---> M123:   7 (  0  0  0  1  0  0  1  0  0  4  0  0  1  0  0  0  0  1  0  0  0  0  1  0  0)
M103:   6 (  0  0  0  0  0  0  1  0  0  1  0  0  0  1  0  1  0  0  0  0  0  0  0  1  0)
 ---t13---> M122:   7 (  0  0  0  0  0  0  1  0  0  2  0  0  1  0  0  1  0  0  0  0  0  0  0  1  0)
                                                                                        ---t16---> M124:   7 (  0  0  0  0  0  0  1  0  0  1  0  0  0  1  0  0  1  0  0  0  0  0  0  1  0)
                                                                                        ---t23---> M125:   7 (  0  0  0  0  0  0  1  0  0  2  0  0  0  1  0  1  0  0  0  0  0  0  1  0  0)
M104:   6 (  0  0  0  1  0  0  1  0  0  3  0  0  0  1  0  0  0  1  0  0  0  0  1  0  0)
 ---t13---> M123:   7 (  0  0  0  1  0  0  1  0  0  4  0  0  1  0  0  0  0  1  0  0  0  0  1  0  0)
                                                                                        ---t15---> M125:   7 (  0  0  0  0  0  0  1  0  0  2  0  0  0  1  0  1  0  0  0  0  0  0  1  0  0)
M105:   6 (  0  0  0  0  0  0  0  1  0  1  0  0  1  0  0  1  0  0  0  0  0  0  0  1  0)
 ---t8---> M122:   7 (  0  0  0  0  0  0  1  0  0  2  0  0  1  0  0  1  0  0  0  0  0  0  0  1  0)
                                                                                        ---t16---> M126:   7 (  0  0  0  0  0  0  0  1  0  1  0  0  1  0  0  0  1  0  0  0  0  0  0  1  0)
                                                                                        ---t23---> M127:   7 (  0  0  0  0  0  0  0  1  0  2  0  0  1  0  0  1  0  0  0  0  0  0  1  0  0)
M106:   6 (  0  0  0  1  0  0  0  1  0  3  0  0  1  0  0  0  0  1  0  0  0  0  1  0  0)
 ---t8---> M123:   7 (  0  0  0  1  0  0  1  0  0  4  0  0  1  0  0  0  0  1  0  0  0  0  1  0  0)
                                                                                        ---t15---> M127:   7 (  0  0  0  0  0  0  0  1  0  2  0  0  1  0  0  1  0  0  0  0  0  0  1  0  0)
M107:   6 (  0  0  0  0  0  0  0  1  0  0  0  0  0  1  0  0  1  0  0  0  0  0  0  1  0)
 ---t8---> M124:   7 (  0  0  0  0  0  0  1  0  0  1  0  0  0  1  0  0  1  0  0  0  0  0  0  1  0)
                                                                                        ---t13---> M126:   7 (  0  0  0  0  0  0  0  1  0  1  0  0  1  0  0  0  1  0  0  0  0  0  0  1  0)
                                                                                        ---t17---> M128:   7 (  0  0  0  0  0  0  0  1  0  0  0  0  0  1  0  0  0  0  0  1  0  0  0  1  0)
                                                                                        ---t23---> M129:   7 (  0  0  0  0  0  0  0  1  0  1  0  0  0  1  0  0  1  0  0  0  0  0  1  0  0)
M108:   6 (  0  0  0  0  0  0  0  1  0  1  0  0  0  1  0  1  0  0  0  0  0  0  1  0  0)
 ---t8---> M125:   7 (  0  0  0  0  0  0  1  0  0  2  0  0  0  1  0  1  0  0  0  0  0  0  1  0  0)
                                                                                        ---t13---> M127:   7 (  0  0  0  0  0  0  0  1  0  2  0  0  1  0  0  1  0  0  0  0  0  0  1  0  0)
                                                                                        ---t16---> M129:   7 (  0  0  0  0  0  0  0  1  0  1  0  0  0  1  0  0  1  0  0  0  0  0  1  0  0)
M109:   7 (  0  0  0  0  0  0  0  0  1  2  0  0  1  0  0  0  0  1  0  0  0  0  0  1  0)
 ---t9---> M046:   4 (  0  0  1  0  0  0  0  1  0  2  0  0  1  0  0  0  0  1  0  0  0  0  0  1  0)
                                                                                        ---t23---> M130:   8 (  0  0  0  0  0  0  0  0  1  3  0  0  1  0  0  0  0  1  0  0  0  0  1  0  0)
M110:   7 (  0  0  0  0  0  0  0  0  1  2  0  0  1  0  0  0  0  0  1  0  0  0  1  0  0)
 ---t9---> M047:   4 (  0  0  1  0  0  0  0  1  0  2  0  0  1  0  0  0  0  0  1  0  0  0  1  0  0)
                                                                                        ---t18---> M130:   8 (  0  0  0  0  0  0  0  0  1  3  0  0  1  0  0  0  0  1  0  0  0  0  1  0  0)
M111:   7 (  0  0  0  0  0  0  0  0  1  2  0  0  0  1  0  0  0  1  0  0  0  0  1  0  0)
 ---t9---> M053:   4 (  0  0  1  0  0  0  0  1  0  2  0  0  0  1  0  0  0  1  0  0  0  0  1  0  0)
                                                                                        ---t13---> M130:   8 (  0  0  0  0  0  0  0  0  1  3  0  0  1  0  0  0  0  1  0  0  0  0  1  0  0)
M112:   7 (  0  0  1  0  0  0  0  1  0  1  0  0  0  1  0  0  0  0  1  0  0  0  1  0  0)
 ---t3---> M131:   8 (  0  0  0  1  0  0  0  1  0  1  0  0  0  1  0  0  0  0  1  0  0  0  1  0  0)
                                                                                        ---t8---> M132:   8 (  0  0  1  0  0  0  1  0  0  2  0  0  0  1  0  0  0  0  1  0  0  0  1  0  0)
                                                                                        ---t13---> M047:   4 (  0  0  1  0  0  0  0  1  0  2  0  0  1  0  0  0  0  0  1  0  0  0  1  0  0)
                                                                                        ---t18---> M053:   4 (  0  0  1  0  0  0  0  1  0  2  0  0  0  1  0  0  0  1  0  0  0  0  1  0  0)
M113:   7 (  0  0  0  0  0  1  0  0  0  3  0  0  1  0  0  0  0  1  0  0  0  0  1  0  0)
 ---t7---> M130:   8 (  0  0  0  0  0  0  0  0  1  3  0  0  1  0  0  0  0  1  0  0  0  0  1  0  0)
M114:   7 (  0  0  0  0  0  0  1  0  0  3  0  0  1  0  0  0  0  1  0  0  0  0  0  0  1)
 ---t24---> M037:   4 (  0  1  0  0  0  0  1  0  0  3  0  0  1  0  0  0  0  1  0  0  0  0  0  1  0)
M115:   7 (  0  0  0  0  0  0  1  0  0  1  0  0  0  0  1  0  0  0  1  0  0  0  0  1  0)
 ---t14---> M133:   8 (  0  0  0  1  0  0  1  0  0  1  0  0  0  1  0  0  0  0  1  0  0  0  0  1  0)
                                                                                        ---t18---> M134:   8 (  0  0  0  0  0  0  1  0  0  2  0  0  0  0  1  0  0  1  0  0  0  0  0  1  0)
                                                                                        ---t23---> M135:   8 (  0  0  0  0  0  0  1  0  0  2  0  0  0  0  1  0  0  0  1  0  0  0  1  0  0)
M116:   7 (  0  0  0  0  0  0  1  0  0  2  0  1  0  0  0  0  0  1  0  0  0  0  0  1  0)
 ---t12---> M134:   8 (  0  0  0  0  0  0  1  0  0  2  0  0  0  0  1  0  0  1  0  0  0  0  0  1  0)
                                                                                        ---t23---> M136:   8 (  0  0  0  0  0  0  1  0  0  3  0  1  0  0  0  0  0  1  0  0  0  0  1  0  0)
M117:   7 (  0  0  0  0  0  0  1  0  0  2  0  1  0  0  0  0  0  0  1  0  0  0  1  0  0)
 ---t12---> M135:   8 (  0  0  0  0  0  0  1  0  0  2  0  0  0  0  1  0  0  0  1  0  0  0  1  0  0)
                                                                                        ---t18---> M136:   8 (  0  0  0  0  0  0  1  0  0  3  0  1  0  0  0  0  0  1  0  0  0  0  1  0  0)
M118:   7 (  0  0  0  0  0  0  1  0  0  3  1  0  0  0  0  0  0  1  0  0  0  0  1  0  0)
 ---t11---> M136:   8 (  0  0  0  0  0  0  1  0  0  3  0  1  0  0  0  0  0  1  0  0  0  0  1  0  0)
M119:   7 (  0  0  0  0  0  0  0  1  0  1  0  0  0  0  1  0  0  1  0  0  0  0  0  1  0)
 ---t8---> M134:   8 (  0  0  0  0  0  0  1  0  0  2  0  0  0  0  1  0  0  1  0  0  0  0  0  1  0)
                                                                                        ---t14---> M051:   4 (  0  0  0  1  0  0  0  1  0  1  0  0  0  1  0  0  0  1  0  0  0  0  0  1  0)
                                                                                        ---t23---> M137:   8 (  0  0  0  0  0  0  0  1  0  2  0  0  0  0  1  0  0  1  0  0  0  0  1  0  0)
M120:   7 (  0  0  0  0  0  0  0  1  0  1  0  0  0  0  1  0  0  0  1  0  0  0  1  0  0)
 ---t8---> M135:   8 (  0  0  0  0  0  0  1  0  0  2  0  0  0  0  1  0  0  0  1  0  0  0  1  0  0)
                                                                                        ---t14---> M131:   8 (  0  0  0  1  0  0  0  1  0  1  0  0  0  1  0  0  0  0  1  0  0  0  1  0  0)
                                                                                        ---t18---> M137:   8 (  0  0  0  0  0  0  0  1  0  2  0  0  0  0  1  0  0  1  0  0  0  0  1  0  0)
M121:   7 (  0  0  0  0  0  0  0  1  0  2  0  1  0  0  0  0  0  1  0  0  0  0  1  0  0)
 ---t8---> M136:   8 (  0  0  0  0  0  0  1  0  0  3  0  1  0  0  0  0  0  1  0  0  0  0  1  0  0)
                                                                                        ---t12---> M137:   8 (  0  0  0  0  0  0  0  1  0  2  0  0  0  0  1  0  0  1  0  0  0  0  1  0  0)
M122:   7 (  0  0  0  0  0  0  1  0  0  2  0  0  1  0  0  1  0  0  0  0  0  0  0  1  0)
 ---t16---> M138:   8 (  0  0  0  0  0  0  1  0  0  2  0  0  1  0  0  0  1  0  0  0  0  0  0  1  0)
                                                                                        ---t23---> M139:   8 (  0  0  0  0  0  0  1  0  0  3  0  0  1  0  0  1  0  0  0  0  0  0  1  0  0)
M123:   7 (  0  0  0  1  0  0  1  0  0  4  0  0  1  0  0  0  0  1  0  0  0  0  1  0  0)
 ---t15---> M139:   8 (  0  0  0  0  0  0  1  0  0  3  0  0  1  0  0  1  0  0  0  0  0  0  1  0  0)
M124:   7 (  0  0  0  0  0  0  1  0  0  1  0  0  0  1  0  0  1  0  0  0  0  0  0  1  0)
 ---t13---> M138:   8 (  0  0  0  0  0  0  1  0  0  2  0  0  1  0  0  0  1  0  0  0  0  0  0  1  0)
                                                                                        ---t17---> M140:   8 (  0  0  0  0  0  0  1  0  0  1  0  0  0  1  0  0  0  0  0  1  0  0  0  1  0)
                                                                                        ---t23---> M141:   8 (  0  0  0  0  0  0  1  0  0  2  0  0  0  1  0  0  1  0  0  0  0  0  1  0  0)
M125:   7 (  0  0  0  0  0  0  1  0  0  2  0  0  0  1  0  1  0  0  0  0  0  0  1  0  0)
 ---t13---> M139:   8 (  0  0  0  0  0  0  1  0  0  3  0  0  1  0  0  1  0  0  0  0  0  0  1  0  0)
                                                                                        ---t16---> M141:   8 (  0  0  0  0  0  0  1  0  0  2  0  0  0  1  0  0  1  0  0  0  0  0  1  0  0)
M126:   7 (  0  0  0  0  0  0  0  1  0  1  0  0  1  0  0  0  1  0  0  0  0  0  0  1  0)
 ---t8---> M138:   8 (  0  0  0  0  0  0  1  0  0  2  0  0  1  0  0  0  1  0  0  0  0  0  0  1  0)
                                                                                        ---t17---> M142:   8 (  0  0  0  0  0  0  0  1  0  1  0  0  1  0  0  0  0  0  0  1  0  0  0  1  0)
                                                                                        ---t23---> M143:   8 (  0  0  0  0  0  0  0  1  0  2  0  0  1  0  0  0  1  0  0  0  0  0  1  0  0)
M127:   7 (  0  0  0  0  0  0  0  1  0  2  0  0  1  0  0  1  0  0  0  0  0  0  1  0  0)
 ---t8---> M139:   8 (  0  0  0  0  0  0  1  0  0  3  0  0  1  0  0  1  0  0  0  0  0  0  1  0  0)
                                                                                        ---t16---> M143:   8 (  0  0  0  0  0  0  0  1  0  2  0  0  1  0  0  0  1  0  0  0  0  0  1  0  0)
M128:   7 (  0  0  0  0  0  0  0  1  0  0  0  0  0  1  0  0  0  0  0  1  0  0  0  1  0)
 ---t8---> M140:   8 (  0  0  0  0  0  0  1  0  0  1  0  0  0  1  0  0  0  0  0  1  0  0  0  1  0)
                                                                                        ---t13---> M142:   8 (  0  0  0  0  0  0  0  1  0  1  0  0  1  0  0  0  0  0  0  1  0  0  0  1  0)
                                                                                        ---t23---> M144:   8 (  0  0  0  0  0  0  0  1  0  1  0  0  0  1  0  0  0  0  0  1  0  0  1  0  0)
M129:   7 (  0  0  0  0  0  0  0  1  0  1  0  0  0  1  0  0  1  0  0  0  0  0  1  0  0)
 ---t8---> M141:   8 (  0  0  0  0  0  0  1  0  0  2  0  0  0  1  0  0  1  0  0  0  0  0  1  0  0)
                                                                                        ---t13---> M143:   8 (  0  0  0  0  0  0  0  1  0  2  0  0  1  0  0  0  1  0  0  0  0  0  1  0  0)
                                                                                        ---t17---> M144:   8 (  0  0  0  0  0  0  0  1  0  1  0  0  0  1  0  0  0  0  0  1  0  0  1  0  0)
M130:   8 (  0  0  0  0  0  0  0  0  1  3  0  0  1  0  0  0  0  1  0  0  0  0  1  0  0)
 ---t9---> M074:   5 (  0  0  1  0  0  0  0  1  0  3  0  0  1  0  0  0  0  1  0  0  0  0  1  0  0)
M131:   8 (  0  0  0  1  0  0  0  1  0  1  0  0  0  1  0  0  0  0  1  0  0  0  1  0  0)
 ---t4---> M005:   1 (  1  0  0  0  0  0  0  1  0  1  0  0  0  1  0  0  0  0  1  0  0  0  1  0  0)
                                                                                        ---t8---> M145:   9 (  0  0  0  1  0  0  1  0  0  2  0  0  0  1  0  0  0  0  1  0  0  0  1  0  0)
                                                                                        ---t13---> M146:   9 (  0  0  0  1  0  0  0  1  0  2  0  0  1  0  0  0  0  0  1  0  0  0  1  0  0)
                                                                                        ---t18---> M080:   5 (  0  0  0  1  0  0  0  1  0  2  0  0  0  1  0  0  0  1  0  0  0  0  1  0  0)
M132:   8 (  0  0  1  0  0  0  1  0  0  2  0  0  0  1  0  0  0  0  1  0  0  0  1  0  0)
 ---t3---> M145:   9 (  0  0  0  1  0  0  1  0  0  2  0  0  0  1  0  0  0  0  1  0  0  0  1  0  0)
                                                                                        ---t13---> M070:   5 (  0  0  1  0  0  0  1  0  0  3  0  0  1  0  0  0  0  0  1  0  0  0  1  0  0)
                                                                                        ---t18---> M081:   5 (  0  0  1  0  0  0  1  0  0  3  0  0  0  1  0  0  0  1  0  0  0  0  1  0  0)
M133:   8 (  0  0  0  1  0  0  1  0  0  1  0  0  0  1  0  0  0  0  1  0  0  0  0  1  0)
 ---t4---> M002:   1 (  1  0  0  0  0  0  1  0  0  1  0  0  0  1  0  0  0  0  1  0  0  0  0  1  0)
                                                                                        ---t13---> M147:   9 (  0  0  0  1  0  0  1  0  0  2  0  0  1  0  0  0  0  0  1  0  0  0  0  1  0)
                                                                                        ---t18---> M077:   5 (  0  0  0  1  0  0  1  0  0  2  0  0  0  1  0  0  0  1  0  0  0  0  0  1  0)
                                                                                        ---t23---> M145:   9 (  0  0  0  1  0  0  1  0  0  2  0  0  0  1  0  0  0  0  1  0  0  0  1  0  0)
M134:   8 (  0  0  0  0  0  0  1  0  0  2  0  0  0  0  1  0  0  1  0  0  0  0  0  1  0)
 ---t14---> M077:   5 (  0  0  0  1  0  0  1  0  0  2  0  0  0  1  0  0  0  1  0  0  0  0  0  1  0)
                                                                                        ---t23---> M148:   9 (  0  0  0  0  0  0  1  0  0  3  0  0  0  0  1  0  0  1  0  0  0  0  1  0  0)
M135:   8 (  0  0  0  0  0  0  1  0  0  2  0  0  0  0  1  0  0  0  1  0  0  0  1  0  0)
 ---t14---> M145:   9 (  0  0  0  1  0  0  1  0  0  2  0  0  0  1  0  0  0  0  1  0  0  0  1  0  0)
                                                                                        ---t18---> M148:   9 (  0  0  0  0  0  0  1  0  0  3  0  0  0  0  1  0  0  1  0  0  0  0  1  0  0)
M136:   8 (  0  0  0  0  0  0  1  0  0  3  0  1  0  0  0  0  0  1  0  0  0  0  1  0  0)
 ---t12---> M148:   9 (  0  0  0  0  0  0  1  0  0  3  0  0  0  0  1  0  0  1  0  0  0  0  1  0  0)
M137:   8 (  0  0  0  0  0  0  0  1  0  2  0  0  0  0  1  0  0  1  0  0  0  0  1  0  0)
 ---t8---> M148:   9 (  0  0  0  0  0  0  1  0  0  3  0  0  0  0  1  0  0  1  0  0  0  0  1  0  0)
                                                                                        ---t14---> M080:   5 (  0  0  0  1  0  0  0  1  0  2  0  0  0  1  0  0  0  1  0  0  0  0  1  0  0)
M138:   8 (  0  0  0  0  0  0  1  0  0  2  0  0  1  0  0  0  1  0  0  0  0  0  0  1  0)
 ---t17---> M149:   9 (  0  0  0  0  0  0  1  0  0  2  0  0  1  0  0  0  0  0  0  1  0  0  0  1  0)
                                                                                        ---t23---> M150:   9 (  0  0  0  0  0  0  1  0  0  3  0  0  1  0  0  0  1  0  0  0  0  0  1  0  0)
M139:   8 (  0  0  0  0  0  0  1  0  0  3  0  0  1  0  0  1  0  0  0  0  0  0  1  0  0)
 ---t16---> M150:   9 (  0  0  0  0  0  0  1  0  0  3  0  0  1  0  0  0  1  0  0  0  0  0  1  0  0)
M140:   8 (  0  0  0  0  0  0  1  0  0  1  0  0  0  1  0  0  0  0  0  1  0  0  0  1  0)
 ---t13---> M149:   9 (  0  0  0  0  0  0  1  0  0  2  0  0  1  0  0  0  0  0  0  1  0  0  0  1  0)
                                                                                        ---t19---> M002:   1 (  1  0  0  0  0  0  1  0  0  1  0  0  0  1  0  0  0  0  1  0  0  0  0  1  0)
                                                                                        ---t23---> M151:   9 (  0  0  0  0  0  0  1  0  0  2  0  0  0  1  0  0  0  0  0  1  0  0  1  0  0)
M141:   8 (  0  0  0  0  0  0  1  0  0  2  0  0  0  1  0  0  1  0  0  0  0  0  1  0  0)
 ---t13---> M150:   9 (  0  0  0  0  0  0  1  0  0  3  0  0  1  0  0  0  1  0  0  0  0  0  1  0  0)
                                                                                        ---t17---> M151:   9 (  0  0  0  0  0  0  1  0  0  2  0  0  0  1  0  0  0  0  0  1  0  0  1  0  0)
M142:   8 (  0  0  0  0  0  0  0  1  0  1  0  0  1  0  0  0  0  0  0  1  0  0  0  1  0)
 ---t8---> M149:   9 (  0  0  0  0  0  0  1  0  0  2  0  0  1  0  0  0  0  0  0  1  0  0  0  1  0)
                                                                                        ---t19---> M003:   1 (  1  0  0  0  0  0  0  1  0  1  0  0  1  0  0  0  0  0  1  0  0  0  0  1  0)
                                                                                        ---t23---> M152:   9 (  0  0  0  0  0  0  0  1  0  2  0  0  1  0  0  0  0  0  0  1  0  0  1  0  0)
M143:   8 (  0  0  0  0  0  0  0  1  0  2  0  0  1  0  0  0  1  0  0  0  0  0  1  0  0)
 ---t8---> M150:   9 (  0  0  0  0  0  0  1  0  0  3  0  0  1  0  0  0  1  0  0  0  0  0  1  0  0)
                                                                                        ---t17---> M152:   9 (  0  0  0  0  0  0  0  1  0  2  0  0  1  0  0  0  0  0  0  1  0  0  1  0  0)
M144:   8 (  0  0  0  0  0  0  0  1  0  1  0  0  0  1  0  0  0  0  0  1  0  0  1  0  0)
 ---t8---> M151:   9 (  0  0  0  0  0  0  1  0  0  2  0  0  0  1  0  0  0  0  0  1  0  0  1  0  0)
                                                                                        ---t13---> M152:   9 (  0  0  0  0  0  0  0  1  0  2  0  0  1  0  0  0  0  0  0  1  0  0  1  0  0)
                                                                                        ---t19---> M005:   1 (  1  0  0  0  0  0  0  1  0  1  0  0  0  1  0  0  0  0  1  0  0  0  1  0  0)
M145:   9 (  0  0  0  1  0  0  1  0  0  2  0  0  0  1  0  0  0  0  1  0  0  0  1  0  0)
 ---t4---> M009:   2 (  1  0  0  0  0  0  1  0  0  2  0  0  0  1  0  0  0  0  1  0  0  0  1  0  0)
                                                                                        ---t13---> M153:  10 (  0  0  0  1  0  0  1  0  0  3  0  0  1  0  0  0  0  0  1  0  0  0  1  0  0)
                                                                                        ---t18---> M104:   6 (  0  0  0  1  0  0  1  0  0  3  0  0  0  1  0  0  0  1  0  0  0  0  1  0  0)
M146:   9 (  0  0  0  1  0  0  0  1  0  2  0  0  1  0  0  0  0  0  1  0  0  0  1  0  0)
 ---t4---> M012:   2 (  1  0  0  0  0  0  0  1  0  2  0  0  1  0  0  0  0  0  1  0  0  0  1  0  0)
                                                                                        ---t8---> M153:  10 (  0  0  0  1  0  0  1  0  0  3  0  0  1  0  0  0  0  0  1  0  0  0  1  0  0)
                                                                                        ---t18---> M106:   6 (  0  0  0  1  0  0  0  1  0  3  0  0  1  0  0  0  0  1  0  0  0  0  1  0  0)
M147:   9 (  0  0  0  1  0  0  1  0  0  2  0  0  1  0  0  0  0  0  1  0  0  0  0  1  0)
 ---t4---> M007:   2 (  1  0  0  0  0  0  1  0  0  2  0  0  1  0  0  0  0  0  1  0  0  0  0  1  0)
                                                                                        ---t18---> M102:   6 (  0  0  0  1  0  0  1  0  0  3  0  0  1  0  0  0  0  1  0  0  0  0  0  1  0)
                                                                                        ---t23---> M153:  10 (  0  0  0  1  0  0  1  0  0  3  0  0  1  0  0  0  0  0  1  0  0  0  1  0  0)
M148:   9 (  0  0  0  0  0  0  1  0  0  3  0  0  0  0  1  0  0  1  0  0  0  0  1  0  0)
 ---t14---> M104:   6 (  0  0  0  1  0  0  1  0  0  3  0  0  0  1  0  0  0  1  0  0  0  0  1  0  0)
M149:   9 (  0  0  0  0  0  0  1  0  0  2  0  0  1  0  0  0  0  0  0  1  0  0  0  1  0)
 ---t19---> M007:   2 (  1  0  0  0  0  0  1  0  0  2  0  0  1  0  0  0  0  0  1  0  0  0  0  1  0)
                                                                                        ---t23---> M154:  10 (  0  0  0  0  0  0  1  0  0  3  0  0  1  0  0  0  0  0  0  1  0  0  1  0  0)
M150:   9 (  0  0  0  0  0  0  1  0  0  3  0  0  1  0  0  0  1  0  0  0  0  0  1  0  0)
 ---t17---> M154:  10 (  0  0  0  0  0  0  1  0  0  3  0  0  1  0  0  0  0  0  0  1  0  0  1  0  0)
M151:   9 (  0  0  0  0  0  0  1  0  0  2  0  0  0  1  0  0  0  0  0  1  0  0  1  0  0)
 ---t13---> M154:  10 (  0  0  0  0  0  0  1  0  0  3  0  0  1  0  0  0  0  0  0  1  0  0  1  0  0)
                                                                                        ---t19---> M009:   2 (  1  0  0  0  0  0  1  0  0  2  0  0  0  1  0  0  0  0  1  0  0  0  1  0  0)
M152:   9 (  0  0  0  0  0  0  0  1  0  2  0  0  1  0  0  0  0  0  0  1  0  0  1  0  0)
 ---t8---> M154:  10 (  0  0  0  0  0  0  1  0  0  3  0  0  1  0  0  0  0  0  0  1  0  0  1  0  0)
                                                                                        ---t19---> M012:   2 (  1  0  0  0  0  0  0  1  0  2  0  0  1  0  0  0  0  0  1  0  0  0  1  0  0)
M153:  10 (  0  0  0  1  0  0  1  0  0  3  0  0  1  0  0  0  0  0  1  0  0  0  1  0  0)
 ---t4---> M021:   3 (  1  0  0  0  0  0  1  0  0  3  0  0  1  0  0  0  0  0  1  0  0  0  1  0  0)
                                                                                        ---t18---> M123:   7 (  0  0  0  1  0  0  1  0  0  4  0  0  1  0  0  0  0  1  0  0  0  0  1  0  0)
M154:  10 (  0  0  0  0  0  0  1  0  0  3  0  0  1  0  0  0  0  0  0  1  0  0  1  0  0)
 ---t19---> M021:   3 (  1  0  0  0  0  0  1  0  0  3  0  0  1  0  0  0  0  0  1  0  0  0  1  0  0)
