M001:   0 (  1  0  0  0  0  1  0  0  0  1  0  0  1  0  0  1  0)
 ---t6---> M002:   1 (  1  0  0  0  1  0  0  1  0  1  0  0  1  0  0  1  0)
                                                                ---t9---> M003:   1 (  1  0  0  0  0  1  0  1  1  0  0  0  1  0  0  1  0)
                                                                ---t12---> M004:   1 (  1  0  0  0  0  1  0  1  0  1  0  1  0  0  0  1  0)
                                                                ---t15---> M005:   1 (  1  0  0  0  0  1  0  1  0  1  0  0  1  0  1  0  0)
M002:   1 (  1  0  0  0  1  0  0  1  0  1  0  0  1  0  0  1  0)
 ---t1---> M006:   2 (  0  1  0  0  1  0  0  1  0  1  0  0  1  0  0  1  0)
                                                                ---t9---> M007:   2 (  1  0  0  0  1  0  0  2  1  0  0  0  1  0  0  1  0)
                                                                ---t12---> M008:   2 (  1  0  0  0  1  0  0  2  0  1  0  1  0  0  0  1  0)
                                                                ---t15---> M009:   2 (  1  0  0  0  1  0  0  2  0  1  0  0  1  0  1  0  0)
M003:   1 (  1  0  0  0  0  1  0  1  1  0  0  0  1  0  0  1  0)
 ---t1---> M010:   2 (  0  1  0  0  0  1  0  1  1  0  0  0  1  0  0  1  0)
                                                                ---t6---> M007:   2 (  1  0  0  0  1  0  0  2  1  0  0  0  1  0  0  1  0)
                                                                ---t12---> M011:   2 (  1  0  0  0  0  1  0  2  1  0  0  1  0  0  0  1  0)
                                                                ---t15---> M012:   2 (  1  0  0  0  0  1  0  2  1  0  0  0  1  0  1  0  0)
M004:   1 (  1  0  0  0  0  1  0  1  0  1  0  1  0  0  0  1  0)
 ---t1---> M013:   2 (  0  1  0  0  0  1  0  1  0  1  0  1  0  0  0  1  0)
                                                                ---t6---> M008:   2 (  1  0  0  0  1  0  0  2  0  1  0  1  0  0  0  1  0)
                                                                ---t9---> M011:   2 (  1  0  0  0  0  1  0  2  1  0  0  1  0  0  0  1  0)
                                                                ---t15---> M014:   2 (  1  0  0  0  0  1  0  2  0  1  0  1  0  0  1  0  0)
M005:   1 (  1  0  0  0  0  1  0  1  0  1  0  0  1  0  1  0  0)
 ---t6---> M009:   2 (  1  0  0  0  1  0  0  2  0  1  0  0  1  0  1  0  0)
                                                                ---t9---> M012:   2 (  1  0  0  0  0  1  0  2  1  0  0  0  1  0  1  0  0)
                                                                ---t12---> M014:   2 (  1  0  0  0  0  1  0  2  0  1  0  1  0  0  1  0  0)
                                                                ---t14---> M015:   2 (  0  0  0  0  0  1  0  0  0  1  0  0  1  0  0  0  1)
M006:   2 (  0  1  0  0  1  0  0  1  0  1  0  0  1  0  0  1  0)
 ---t5---> M016:   3 (  0  0  0  0  0  0  1  0  0  1  0  0  1  0  0  1  0)
                                                                ---t9---> M017:   3 (  0  1  0  0  1  0  0  2  1  0  0  0  1  0  0  1  0)
                                                                ---t12---> M018:   3 (  0  1  0  0  1  0  0  2  0  1  0  1  0  0  0  1  0)
                                                                ---t15---> M019:   3 (  0  1  0  0  1  0  0  2  0  1  0  0  1  0  1  0  0)
M007:   2 (  1  0  0  0  1  0  0  2  1  0  0  0  1  0  0  1  0)
 ---t1---> M017:   3 (  0  1  0  0  1  0  0  2  1  0  0  0  1  0  0  1  0)
                                                                ---t12---> M020:   3 (  1  0  0  0  1  0  0  3  1  0  0  1  0  0  0  1  0)
                                                                ---t15---> M021:   3 (  1  0  0  0  1  0  0  3  1  0  0  0  1  0  1  0  0)
M008:   2 (  1  0  0  0  1  0  0  2  0  1  0  1  0  0  0  1  0)
 ---t1---> M018:   3 (  0  1  0  0  1  0  0  2  0  1  0  1  0  0  0  1  0)
                                                                ---t9---> M020:   3 (  1  0  0  0  1  0  0  3  1  0  0  1  0  0  0  1  0)
                                                                ---t15---> M022:   3 (  1  0  0  0  1  0  0  3  0  1  0  1  0  0  1  0  0)
M009:   2 (  1  0  0  0  1  0  0  2  0  1  0  0  1  0  1  0  0)
 ---t9---> M021:   3 (  1  0  0  0  1  0  0  3  1  0  0  0  1  0  1  0  0)
                                                                ---t12---> M022:   3 (  1  0  0  0  1  0  0  3  0  1  0  1  0  0  1  0  0)
                                                                ---t14---> M023:   3 (  0  0  0  0  1  0  0  1  0  1  0  0  1  0  0  0  1)
M010:   2 (  0  1  0  0  0  1  0  1  1  0  0  0  1  0  0  1  0)
 ---t2---> M024:   3 (  0  0  1  0  0  1  0  1  1  0  0  0  1  0  0  1  0)
                                                                ---t6---> M017:   3 (  0  1  0  0  1  0  0  2  1  0  0  0  1  0  0  1  0)
                                                                ---t12---> M025:   3 (  0  1  0  0  0  1  0  2  1  0  0  1  0  0  0  1  0)
                                                                ---t15---> M026:   3 (  0  1  0  0  0  1  0  2  1  0  0  0  1  0  1  0  0)
M011:   2 (  1  0  0  0  0  1  0  2  1  0  0  1  0  0  0  1  0)
 ---t1---> M025:   3 (  0  1  0  0  0  1  0  2  1  0  0  1  0  0  0  1  0)
                                                                ---t6---> M020:   3 (  1  0  0  0  1  0  0  3  1  0  0  1  0  0  0  1  0)
                                                                ---t15---> M027:   3 (  1  0  0  0  0  1  0  3  1  0  0  1  0  0  1  0  0)
M012:   2 (  1  0  0  0  0  1  0  2  1  0  0  0  1  0  1  0  0)
 ---t6---> M021:   3 (  1  0  0  0  1  0  0  3  1  0  0  0  1  0  1  0  0)
                                                                ---t12---> M027:   3 (  1  0  0  0  0  1  0  3  1  0  0  1  0  0  1  0  0)
                                                                ---t14---> M028:   3 (  0  0  0  0  0  1  0  1  1  0  0  0  1  0  0  0  1)
M013:   2 (  0  1  0  0  0  1  0  1  0  1  0  1  0  0  0  1  0)
 ---t2---> M029:   3 (  0  0  1  0  0  1  0  1  0  1  0  1  0  0  0  1  0)
                                                                ---t6---> M018:   3 (  0  1  0  0  1  0  0  2  0  1  0  1  0  0  0  1  0)
                                                                ---t9---> M025:   3 (  0  1  0  0  0  1  0  2  1  0  0  1  0  0  0  1  0)
                                                                ---t15---> M030:   3 (  0  1  0  0  0  1  0  2  0  1  0  1  0  0  1  0  0)
M014:   2 (  1  0  0  0  0  1  0  2  0  1  0  1  0  0  1  0  0)
 ---t6---> M022:   3 (  1  0  0  0  1  0  0  3  0  1  0  1  0  0  1  0  0)
                                                                ---t9---> M027:   3 (  1  0  0  0  0  1  0  3  1  0  0  1  0  0  1  0  0)
                                                                ---t14---> M031:   3 (  0  0  0  0  0  1  0  1  0  1  0  1  0  0  0  0  1)
M015:   2 (  0  0  0  0  0  1  0  0  0  1  0  0  1  0  0  0  1)
 ---t6---> M023:   3 (  0  0  0  0  1  0  0  1  0  1  0  0  1  0  0  0  1)
                                                                ---t9---> M028:   3 (  0  0  0  0  0  1  0  1  1  0  0  0  1  0  0  0  1)
                                                                ---t12---> M031:   3 (  0  0  0  0  0  1  0  1  0  1  0  1  0  0  0  0  1)
M016:   3 (  0  0  0  0  0  0  1  0  0  1  0  0  1  0  0  1  0)
 ---t9---> M032:   4 (  0  0  0  0  0  0  1  1  1  0  0  0  1  0  0  1  0)
                                                                ---t12---> M033:   4 (  0  0  0  0  0  0  1  1  0  1  0  1  0  0  0  1  0)
                                                                ---t15---> M034:   4 (  0  0  0  0  0  0  1  1  0  1  0  0  1  0  1  0  0)
M017:   3 (  0  1  0  0  1  0  0  2  1  0  0  0  1  0  0  1  0)
 ---t5---> M032:   4 (  0  0  0  0  0  0  1  1  1  0  0  0  1  0  0  1  0)
                                                                ---t12---> M035:   4 (  0  1  0  0  1  0  0  3  1  0  0  1  0  0  0  1  0)
                                                                ---t15---> M036:   4 (  0  1  0  0  1  0  0  3  1  0  0  0  1  0  1  0  0)
M018:   3 (  0  1  0  0  1  0  0  2  0  1  0  1  0  0  0  1  0)
 ---t5---> M033:   4 (  0  0  0  0  0  0  1  1  0  1  0  1  0  0  0  1  0)
                                                                ---t9---> M035:   4 (  0  1  0  0  1  0  0  3  1  0  0  1  0  0  0  1  0)
                                                                ---t15---> M037:   4 (  0  1  0  0  1  0  0  3  0  1  0  1  0  0  1  0  0)
M019:   3 (  0  1  0  0  1  0  0  2  0  1  0  0  1  0  1  0  0)
 ---t5---> M034:   4 (  0  0  0  0  0  0  1  1  0  1  0  0  1  0  1  0  0)
                                                                ---t9---> M036:   4 (  0  1  0  0  1  0  0  3  1  0  0  0  1  0  1  0  0)
                                                                ---t12---> M037:   4 (  0  1  0  0  1  0  0  3  0  1  0  1  0  0  1  0  0)
M020:   3 (  1  0  0  0  1  0  0  3  1  0  0  1  0  0  0  1  0)
 ---t1---> M035:   4 (  0  1  0  0  1  0  0  3  1  0  0  1  0  0  0  1  0)
                                                                ---t15---> M038:   4 (  1  0  0  0  1  0  0  4  1  0  0  1  0  0  1  0  0)
M021:   3 (  1  0  0  0  1  0  0  3  1  0  0  0  1  0  1  0  0)
 ---t12---> M038:   4 (  1  0  0  0  1  0  0  4  1  0  0  1  0  0  1  0  0)
                                                                ---t14---> M039:   4 (  0  0  0  0  1  0  0  2  1  0  0  0  1  0  0  0  1)
M022:   3 (  1  0  0  0  1  0  0  3  0  1  0  1  0  0  1  0  0)
 ---t9---> M038:   4 (  1  0  0  0  1  0  0  4  1  0  0  1  0  0  1  0  0)
                                                                ---t14---> M040:   4 (  0  0  0  0  1  0  0  2  0  1  0  1  0  0  0  0  1)
M023:   3 (  0  0  0  0  1  0  0  1  0  1  0  0  1  0  0  0  1)
 ---t9---> M039:   4 (  0  0  0  0  1  0  0  2  1  0  0  0  1  0  0  0  1)
                                                                ---t12---> M040:   4 (  0  0  0  0  1  0  0  2  0  1  0  1  0  0  0  0  1)
                                                                ---t16---> M006:   2 (  0  1  0  0  1  0  0  1  0  1  0  0  1  0  0  1  0)
M024:   3 (  0  0  1  0  0  1  0  1  1  0  0  0  1  0  0  1  0)
 ---t6---> M041:   4 (  0  0  1  0  1  0  0  2  1  0  0  0  1  0  0  1  0)
                                                                ---t8---> M042:   4 (  0  0  0  0  0  1  0  0  0  0  1  0  1  0  0  1  0)
                                                                ---t12---> M043:   4 (  0  0  1  0  0  1  0  2  1  0  0  1  0  0  0  1  0)
                                                                ---t15---> M044:   4 (  0  0  1  0  0  1  0  2  1  0  0  0  1  0  1  0  0)
M025:   3 (  0  1  0  0  0  1  0  2  1  0  0  1  0  0  0  1  0)
 ---t2---> M043:   4 (  0  0  1  0  0  1  0  2  1  0  0  1  0  0  0  1  0)
                                                                ---t6---> M035:   4 (  0  1  0  0  1  0  0  3  1  0  0  1  0  0  0  1  0)
                                                                ---t15---> M045:   4 (  0  1  0  0  0  1  0  3  1  0  0  1  0  0  1  0  0)
M026:   3 (  0  1  0  0  0  1  0  2  1  0  0  0  1  0  1  0  0)
 ---t2---> M044:   4 (  0  0  1  0  0  1  0  2  1  0  0  0  1  0  1  0  0)
                                                                ---t6---> M036:   4 (  0  1  0  0  1  0  0  3  1  0  0  0  1  0  1  0  0)
                                                                ---t12---> M045:   4 (  0  1  0  0  0  1  0  3  1  0  0  1  0  0  1  0  0)
M027:   3 (  1  0  0  0  0  1  0  3  1  0  0  1  0  0  1  0  0)
 ---t6---> M038:   4 (  1  0  0  0  1  0  0  4  1  0  0  1  0  0  1  0  0)
                                                                ---t14---> M046:   4 (  0  0  0  0  0  1  0  2  1  0  0  1  0  0  0  0  1)
M028:   3 (  0  0  0  0  0  1  0  1  1  0  0  0  1  0  0  0  1)
 ---t6---> M039:   4 (  0  0  0  0  1  0  0  2  1  0  0  0  1  0  0  0  1)
                                                                ---t12---> M046:   4 (  0  0  0  0  0  1  0  2  1  0  0  1  0  0  0  0  1)
                                                                ---t16---> M010:   2 (  0  1  0  0  0  1  0  1  1  0  0  0  1  0  0  1  0)
M029:   3 (  0  0  1  0  0  1  0  1  0  1  0  1  0  0  0  1  0)
 ---t3---> M047:   4 (  0  0  0  1  0  1  0  1  0  1  0  1  0  0  0  1  0)
                                                                ---t6---> M048:   4 (  0  0  1  0  1  0  0  2  0  1  0  1  0  0  0  1  0)
                                                                ---t9---> M043:   4 (  0  0  1  0  0  1  0  2  1  0  0  1  0  0  0  1  0)
                                                                ---t15---> M049:   4 (  0  0  1  0  0  1  0  2  0  1  0  1  0  0  1  0  0)
M030:   3 (  0  1  0  0  0  1  0  2  0  1  0  1  0  0  1  0  0)
 ---t2---> M049:   4 (  0  0  1  0  0  1  0  2  0  1  0  1  0  0  1  0  0)
                                                                ---t6---> M037:   4 (  0  1  0  0  1  0  0  3  0  1  0  1  0  0  1  0  0)
                                                                ---t9---> M045:   4 (  0  1  0  0  0  1  0  3  1  0  0  1  0  0  1  0  0)
M031:   3 (  0  0  0  0  0  1  0  1  0  1  0  1  0  0  0  0  1)
 ---t6---> M040:   4 (  0  0  0  0  1  0  0  2  0  1  0  1  0  0  0  0  1)
                                                                ---t9---> M046:   4 (  0  0  0  0  0  1  0  2  1  0  0  1  0  0  0  0  1)
                                                                ---t16---> M013:   2 (  0  1  0  0  0  1  0  1  0  1  0  1  0  0  0  1  0)
M032:   4 (  0  0  0  0  0  0  1  1  1  0  0  0  1  0  0  1  0)
 ---t7---> M024:   3 (  0  0  1  0  0  1  0  1  1  0  0  0  1  0  0  1  0)
                                                                ---t12---> M050:   5 (  0  0  0  0  0  0  1  2  1  0  0  1  0  0  0  1  0)
                                                                ---t15---> M051:   5 (  0  0  0  0  0  0  1  2  1  0  0  0  1  0  1  0  0)
M033:   4 (  0  0  0  0  0  0  1  1  0  1  0  1  0  0  0  1  0)
 ---t7---> M029:   3 (  0  0  1  0  0  1  0  1  0  1  0  1  0  0  0  1  0)
                                                                ---t9---> M050:   5 (  0  0  0  0  0  0  1  2  1  0  0  1  0  0  0  1  0)
                                                                ---t15---> M052:   5 (  0  0  0  0  0  0  1  2  0  1  0  1  0  0  1  0  0)
M034:   4 (  0  0  0  0  0  0  1  1  0  1  0  0  1  0  1  0  0)
 ---t7---> M053:   5 (  0  0  1  0  0  1  0  1  0  1  0  0  1  0  1  0  0)
                                                                ---t9---> M051:   5 (  0  0  0  0  0  0  1  2  1  0  0  0  1  0  1  0  0)
                                                                ---t12---> M052:   5 (  0  0  0  0  0  0  1  2  0  1  0  1  0  0  1  0  0)
M035:   4 (  0  1  0  0  1  0  0  3  1  0  0  1  0  0  0  1  0)
 ---t5---> M050:   5 (  0  0  0  0  0  0  1  2  1  0  0  1  0  0  0  1  0)
                                                                ---t15---> M054:   5 (  0  1  0  0  1  0  0  4  1  0  0  1  0  0  1  0  0)
M036:   4 (  0  1  0  0  1  0  0  3  1  0  0  0  1  0  1  0  0)
 ---t5---> M051:   5 (  0  0  0  0  0  0  1  2  1  0  0  0  1  0  1  0  0)
                                                                ---t12---> M054:   5 (  0  1  0  0  1  0  0  4  1  0  0  1  0  0  1  0  0)
M037:   4 (  0  1  0  0  1  0  0  3  0  1  0  1  0  0  1  0  0)
 ---t5---> M052:   5 (  0  0  0  0  0  0  1  2  0  1  0  1  0  0  1  0  0)
                                                                ---t9---> M054:   5 (  0  1  0  0  1  0  0  4  1  0  0  1  0  0  1  0  0)
M038:   4 (  1  0  0  0  1  0  0  4  1  0  0  1  0  0  1  0  0)
 ---t14---> M055:   5 (  0  0  0  0  1  0  0  3  1  0  0  1  0  0  0  0  1)
M039:   4 (  0  0  0  0  1  0  0  2  1  0  0  0  1  0  0  0  1)
 ---t12---> M055:   5 (  0  0  0  0  1  0  0  3  1  0  0  1  0  0  0  0  1)
                                                                ---t16---> M017:   3 (  0  1  0  0  1  0  0  2  1  0  0  0  1  0  0  1  0)
M040:   4 (  0  0  0  0  1  0  0  2  0  1  0  1  0  0  0  0  1)
 ---t9---> M055:   5 (  0  0  0  0  1  0  0  3  1  0  0  1  0  0  0  0  1)
                                                                ---t16---> M018:   3 (  0  1  0  0  1  0  0  2  0  1  0  1  0  0  0  1  0)
M041:   4 (  0  0  1  0  1  0  0  2  1  0  0  0  1  0  0  1  0)
 ---t8---> M056:   5 (  0  0  0  0  1  0  0  1  0  0  1  0  1  0  0  1  0)
                                                                ---t12---> M057:   5 (  0  0  1  0  1  0  0  3  1  0  0  1  0  0  0  1  0)
                                                                ---t15---> M058:   5 (  0  0  1  0  1  0  0  3  1  0  0  0  1  0  1  0  0)
M042:   4 (  0  0  0  0  0  1  0  0  0  0  1  0  1  0  0  1  0)
 ---t6---> M056:   5 (  0  0  0  0  1  0  0  1  0  0  1  0  1  0  0  1  0)
                                                                ---t12---> M059:   5 (  0  0  0  0  0  1  0  1  0  0  1  1  0  0  0  1  0)
                                                                ---t15---> M060:   5 (  0  0  0  0  0  1  0  1  0  0  1  0  1  0  1  0  0)
M043:   4 (  0  0  1  0  0  1  0  2  1  0  0  1  0  0  0  1  0)
 ---t6---> M057:   5 (  0  0  1  0  1  0  0  3  1  0  0  1  0  0  0  1  0)
                                                                ---t8---> M059:   5 (  0  0  0  0  0  1  0  1  0  0  1  1  0  0  0  1  0)
                                                                ---t15---> M061:   5 (  0  0  1  0  0  1  0  3  1  0  0  1  0  0  1  0  0)
M044:   4 (  0  0  1  0  0  1  0  2  1  0  0  0  1  0  1  0  0)
 ---t6---> M058:   5 (  0  0  1  0  1  0  0  3  1  0  0  0  1  0  1  0  0)
                                                                ---t8---> M060:   5 (  0  0  0  0  0  1  0  1  0  0  1  0  1  0  1  0  0)
                                                                ---t12---> M061:   5 (  0  0  1  0  0  1  0  3  1  0  0  1  0  0  1  0  0)
M045:   4 (  0  1  0  0  0  1  0  3  1  0  0  1  0  0  1  0  0)
 ---t2---> M061:   5 (  0  0  1  0  0  1  0  3  1  0  0  1  0  0  1  0  0)
                                                                ---t6---> M054:   5 (  0  1  0  0  1  0  0  4  1  0  0  1  0  0  1  0  0)
M046:   4 (  0  0  0  0  0  1  0  2  1  0  0  1  0  0  0  0  1)
 ---t6---> M055:   5 (  0  0  0  0  1  0  0  3  1  0  0  1  0  0  0  0  1)
                                                                ---t16---> M025:   3 (  0  1  0  0  0  1  0  2  1  0  0  1  0  0  0  1  0)
M047:   4 (  0  0  0  1  0  1  0  1  0  1  0  1  0  0  0  1  0)
 ---t6---> M062:   5 (  0  0  0  1  1  0  0  2  0  1  0  1  0  0  0  1  0)
                                                                ---t9---> M063:   5 (  0  0  0  1  0  1  0  2  1  0  0  1  0  0  0  1  0)
                                                                ---t11---> M064:   5 (  0  0  0  0  0  1  0  0  0  1  0  0  0  1  0  1  0)
                                                                ---t15---> M065:   5 (  0  0  0  1  0  1  0  2  0  1  0  1  0  0  1  0  0)
M048:   4 (  0  0  1  0  1  0  0  2  0  1  0  1  0  0  0  1  0)
 ---t3---> M062:   5 (  0  0  0  1  1  0  0  2  0  1  0  1  0  0  0  1  0)
                                                                ---t9---> M057:   5 (  0  0  1  0  1  0  0  3  1  0  0  1  0  0  0  1  0)
                                                                ---t15---> M066:   5 (  0  0  1  0  1  0  0  3  0  1  0  1  0  0  1  0  0)
M049:   4 (  0  0  1  0  0  1  0  2  0  1  0  1  0  0  1  0  0)
 ---t3---> M065:   5 (  0  0  0  1  0  1  0  2  0  1  0  1  0  0  1  0  0)
                                                                ---t6---> M066:   5 (  0  0  1  0  1  0  0  3  0  1  0  1  0  0  1  0  0)
                                                                ---t9---> M061:   5 (  0  0  1  0  0  1  0  3  1  0  0  1  0  0  1  0  0)
M050:   5 (  0  0  0  0  0  0  1  2  1  0  0  1  0  0  0  1  0)
 ---t7---> M043:   4 (  0  0  1  0  0  1  0  2  1  0  0  1  0  0  0  1  0)
                                                                ---t15---> M067:   6 (  0  0  0  0  0  0  1  3  1  0  0  1  0  0  1  0  0)
M051:   5 (  0  0  0  0  0  0  1  2  1  0  0  0  1  0  1  0  0)
 ---t7---> M044:   4 (  0  0  1  0  0  1  0  2  1  0  0  0  1  0  1  0  0)
                                                                ---t12---> M067:   6 (  0  0  0  0  0  0  1  3  1  0  0  1  0  0  1  0  0)
M052:   5 (  0  0  0  0  0  0  1  2  0  1  0  1  0  0  1  0  0)
 ---t7---> M049:   4 (  0  0  1  0  0  1  0  2  0  1  0  1  0  0  1  0  0)
                                                                ---t9---> M067:   6 (  0  0  0  0  0  0  1  3  1  0  0  1  0  0  1  0  0)
M053:   5 (  0  0  1  0  0  1  0  1  0  1  0  0  1  0  1  0  0)
 ---t3---> M068:   6 (  0  0  0  1  0  1  0  1  0  1  0  0  1  0  1  0  0)
                                                                ---t6---> M069:   6 (  0  0  1  0  1  0  0  2  0  1  0  0  1  0  1  0  0)
                                                                ---t9---> M044:   4 (  0  0  1  0  0  1  0  2  1  0  0  0  1  0  1  0  0)
                                                                ---t12---> M049:   4 (  0  0  1  0  0  1  0  2  0  1  0  1  0  0  1  0  0)
M054:   5 (  0  1  0  0  1  0  0  4  1  0  0  1  0  0  1  0  0)
 ---t5---> M067:   6 (  0  0  0  0  0  0  1  3  1  0  0  1  0  0  1  0  0)
M055:   5 (  0  0  0  0  1  0  0  3  1  0  0  1  0  0  0  0  1)
 ---t16---> M035:   4 (  0  1  0  0  1  0  0  3  1  0  0  1  0  0  0  1  0)
M056:   5 (  0  0  0  0  1  0  0  1  0  0  1  0  1  0  0  1  0)
 ---t10---> M070:   6 (  0  0  0  1  1  0  0  1  0  1  0  0  1  0  0  1  0)
                                                                ---t12---> M071:   6 (  0  0  0  0  1  0  0  2  0  0  1  1  0  0  0  1  0)
                                                                ---t15---> M072:   6 (  0  0  0  0  1  0  0  2  0  0  1  0  1  0  1  0  0)
M057:   5 (  0  0  1  0  1  0  0  3  1  0  0  1  0  0  0  1  0)
 ---t8---> M071:   6 (  0  0  0  0  1  0  0  2  0  0  1  1  0  0  0  1  0)
                                                                ---t15---> M073:   6 (  0  0  1  0  1  0  0  4  1  0  0  1  0  0  1  0  0)
M058:   5 (  0  0  1  0  1  0  0  3  1  0  0  0  1  0  1  0  0)
 ---t8---> M072:   6 (  0  0  0  0  1  0  0  2  0  0  1  0  1  0  1  0  0)
                                                                ---t12---> M073:   6 (  0  0  1  0  1  0  0  4  1  0  0  1  0  0  1  0  0)
M059:   5 (  0  0  0  0  0  1  0  1  0  0  1  1  0  0  0  1  0)
 ---t6---> M071:   6 (  0  0  0  0  1  0  0  2  0  0  1  1  0  0  0  1  0)
                                                                ---t10---> M047:   4 (  0  0  0  1  0  1  0  1  0  1  0  1  0  0  0  1  0)
                                                                ---t15---> M074:   6 (  0  0  0  0  0  1  0  2  0  0  1  1  0  0  1  0  0)
M060:   5 (  0  0  0  0  0  1  0  1  0  0  1  0  1  0  1  0  0)
 ---t6---> M072:   6 (  0  0  0  0  1  0  0  2  0  0  1  0  1  0  1  0  0)
                                                                ---t10---> M068:   6 (  0  0  0  1  0  1  0  1  0  1  0  0  1  0  1  0  0)
                                                                ---t12---> M074:   6 (  0  0  0  0  0  1  0  2  0  0  1  1  0  0  1  0  0)
M061:   5 (  0  0  1  0  0  1  0  3  1  0  0  1  0  0  1  0  0)
 ---t6---> M073:   6 (  0  0  1  0  1  0  0  4  1  0  0  1  0  0  1  0  0)
                                                                ---t8---> M074:   6 (  0  0  0  0  0  1  0  2  0  0  1  1  0  0  1  0  0)
M062:   5 (  0  0  0  1  1  0  0  2  0  1  0  1  0  0  0  1  0)
 ---t9---> M075:   6 (  0  0  0  1  1  0  0  3  1  0  0  1  0  0  0  1  0)
                                                                ---t11---> M076:   6 (  0  0  0  0  1  0  0  1  0  1  0  0  0  1  0  1  0)
                                                                ---t15---> M077:   6 (  0  0  0  1  1  0  0  3  0  1  0  1  0  0  1  0  0)
M063:   5 (  0  0  0  1  0  1  0  2  1  0  0  1  0  0  0  1  0)
 ---t6---> M075:   6 (  0  0  0  1  1  0  0  3  1  0  0  1  0  0  0  1  0)
                                                                ---t11---> M078:   6 (  0  0  0  0  0  1  0  1  1  0  0  0  0  1  0  1  0)
                                                                ---t15---> M079:   6 (  0  0  0  1  0  1  0  3  1  0  0  1  0  0  1  0  0)
M064:   5 (  0  0  0  0  0  1  0  0  0  1  0  0  0  1  0  1  0)
 ---t6---> M076:   6 (  0  0  0  0  1  0  0  1  0  1  0  0  0  1  0  1  0)
                                                                ---t9---> M078:   6 (  0  0  0  0  0  1  0  1  1  0  0  0  0  1  0  1  0)
                                                                ---t15---> M080:   6 (  0  0  0  0  0  1  0  1  0  1  0  0  0  1  1  0  0)
M065:   5 (  0  0  0  1  0  1  0  2  0  1  0  1  0  0  1  0  0)
 ---t6---> M077:   6 (  0  0  0  1  1  0  0  3  0  1  0  1  0  0  1  0  0)
                                                                ---t9---> M079:   6 (  0  0  0  1  0  1  0  3  1  0  0  1  0  0  1  0  0)
                                                                ---t11---> M080:   6 (  0  0  0  0  0  1  0  1  0  1  0  0  0  1  1  0  0)
M066:   5 (  0  0  1  0  1  0  0  3  0  1  0  1  0  0  1  0  0)
 ---t3---> M077:   6 (  0  0  0  1  1  0  0  3  0  1  0  1  0  0  1  0  0)
                                                                ---t9---> M073:   6 (  0  0  1  0  1  0  0  4  1  0  0  1  0  0  1  0  0)
M067:   6 (  0  0  0  0  0  0  1  3  1  0  0  1  0  0  1  0  0)
 ---t7---> M061:   5 (  0  0  1  0  0  1  0  3  1  0  0  1  0  0  1  0  0)
M068:   6 (  0  0  0  1  0  1  0  1  0  1  0  0  1  0  1  0  0)
 ---t4---> M005:   1 (  1  0  0  0  0  1  0  1  0  1  0  0  1  0  1  0  0)
                                                                ---t6---> M081:   7 (  0  0  0  1  1  0  0  2  0  1  0  0  1  0  1  0  0)
                                                                ---t9---> M082:   7 (  0  0  0  1  0  1  0  2  1  0  0  0  1  0  1  0  0)
                                                                ---t12---> M065:   5 (  0  0  0  1  0  1  0  2  0  1  0  1  0  0  1  0  0)
M069:   6 (  0  0  1  0  1  0  0  2  0  1  0  0  1  0  1  0  0)
 ---t3---> M081:   7 (  0  0  0  1  1  0  0  2  0  1  0  0  1  0  1  0  0)
                                                                ---t9---> M058:   5 (  0  0  1  0  1  0  0  3  1  0  0  0  1  0  1  0  0)
                                                                ---t12---> M066:   5 (  0  0  1  0  1  0  0  3  0  1  0  1  0  0  1  0  0)
M070:   6 (  0  0  0  1  1  0  0  1  0  1  0  0  1  0  0  1  0)
 ---t4---> M002:   1 (  1  0  0  0  1  0  0  1  0  1  0  0  1  0  0  1  0)
                                                                ---t9---> M083:   7 (  0  0  0  1  1  0  0  2  1  0  0  0  1  0  0  1  0)
                                                                ---t12---> M062:   5 (  0  0  0  1  1  0  0  2  0  1  0  1  0  0  0  1  0)
                                                                ---t15---> M081:   7 (  0  0  0  1  1  0  0  2  0  1  0  0  1  0  1  0  0)
M071:   6 (  0  0  0  0  1  0  0  2  0  0  1  1  0  0  0  1  0)
 ---t10---> M062:   5 (  0  0  0  1  1  0  0  2  0  1  0  1  0  0  0  1  0)
                                                                ---t15---> M084:   7 (  0  0  0  0  1  0  0  3  0  0  1  1  0  0  1  0  0)
M072:   6 (  0  0  0  0  1  0  0  2  0  0  1  0  1  0  1  0  0)
 ---t10---> M081:   7 (  0  0  0  1  1  0  0  2  0  1  0  0  1  0  1  0  0)
                                                                ---t12---> M084:   7 (  0  0  0  0  1  0  0  3  0  0  1  1  0  0  1  0  0)
M073:   6 (  0  0  1  0  1  0  0  4  1  0  0  1  0  0  1  0  0)
 ---t8---> M084:   7 (  0  0  0  0  1  0  0  3  0  0  1  1  0  0  1  0  0)
M074:   6 (  0  0  0  0  0  1  0  2  0  0  1  1  0  0  1  0  0)
 ---t6---> M084:   7 (  0  0  0  0  1  0  0  3  0  0  1  1  0  0  1  0  0)
                                                                ---t10---> M065:   5 (  0  0  0  1  0  1  0  2  0  1  0  1  0  0  1  0  0)
M075:   6 (  0  0  0  1  1  0  0  3  1  0  0  1  0  0  0  1  0)
 ---t11---> M085:   7 (  0  0  0  0  1  0  0  2  1  0  0  0  0  1  0  1  0)
                                                                ---t15---> M086:   7 (  0  0  0  1  1  0  0  4  1  0  0  1  0  0  1  0  0)
M076:   6 (  0  0  0  0  1  0  0  1  0  1  0  0  0  1  0  1  0)
 ---t9---> M085:   7 (  0  0  0  0  1  0  0  2  1  0  0  0  0  1  0  1  0)
                                                                ---t13---> M002:   1 (  1  0  0  0  1  0  0  1  0  1  0  0  1  0  0  1  0)
                                                                ---t15---> M087:   7 (  0  0  0  0  1  0  0  2  0  1  0  0  0  1  1  0  0)
M077:   6 (  0  0  0  1  1  0  0  3  0  1  0  1  0  0  1  0  0)
 ---t9---> M086:   7 (  0  0  0  1  1  0  0  4  1  0  0  1  0  0  1  0  0)
                                                                ---t11---> M087:   7 (  0  0  0  0  1  0  0  2  0  1  0  0  0  1  1  0  0)
M078:   6 (  0  0  0  0  0  1  0  1  1  0  0  0  0  1  0  1  0)
 ---t6---> M085:   7 (  0  0  0  0  1  0  0  2  1  0  0  0  0  1  0  1  0)
                                                                ---t13---> M003:   1 (  1  0  0  0  0  1  0  1  1  0  0  0  1  0  0  1  0)
                                                                ---t15---> M088:   7 (  0  0  0  0  0  1  0  2  1  0  0  0  0  1  1  0  0)
M079:   6 (  0  0  0  1  0  1  0  3  1  0  0  1  0  0  1  0  0)
 ---t6---> M086:   7 (  0  0  0  1  1  0  0  4  1  0  0  1  0  0  1  0  0)
                                                                ---t11---> M088:   7 (  0  0  0  0  0  1  0  2  1  0  0  0  0  1  1  0  0)
M080:   6 (  0  0  0  0  0  1  0  1  0  1  0  0  0  1  1  0  0)
 ---t6---> M087:   7 (  0  0  0  0  1  0  0  2  0  1  0  0  0  1  1  0  0)
                                                                ---t9---> M088:   7 (  0  0  0  0  0  1  0  2  1  0  0  0  0  1  1  0  0)
                                                                ---t13---> M005:   1 (  1  0  0  0  0  1  0  1  0  1  0  0  1  0  1  0  0)
M081:   7 (  0  0  0  1  1  0  0  2  0  1  0  0  1  0  1  0  0)
 ---t4---> M009:   2 (  1  0  0  0  1  0  0  2  0  1  0  0  1  0  1  0  0)
                                                                ---t9---> M089:   8 (  0  0  0  1  1  0  0  3  1  0  0  0  1  0  1  0  0)
                                                                ---t12---> M077:   6 (  0  0  0  1  1  0  0  3  0  1  0  1  0  0  1  0  0)
M082:   7 (  0  0  0  1  0  1  0  2  1  0  0  0  1  0  1  0  0)
 ---t4---> M012:   2 (  1  0  0  0  0  1  0  2  1  0  0  0  1  0  1  0  0)
                                                                ---t6---> M089:   8 (  0  0  0  1  1  0  0  3  1  0  0  0  1  0  1  0  0)
                                                                ---t12---> M079:   6 (  0  0  0  1  0  1  0  3  1  0  0  1  0  0  1  0  0)
M083:   7 (  0  0  0  1  1  0  0  2  1  0  0  0  1  0  0  1  0)
 ---t4---> M007:   2 (  1  0  0  0  1  0  0  2  1  0  0  0  1  0  0  1  0)
                                                                ---t12---> M075:   6 (  0  0  0  1  1  0  0  3  1  0  0  1  0  0  0  1  0)
                                                                ---t15---> M089:   8 (  0  0  0  1  1  0  0  3  1  0  0  0  1  0  1  0  0)
M084:   7 (  0  0  0  0  1  0  0  3  0  0  1  1  0  0  1  0  0)
 ---t10---> M077:   6 (  0  0  0  1  1  0  0  3  0  1  0  1  0  0  1  0  0)
M085:   7 (  0  0  0  0  1  0  0  2  1  0  0  0  0  1  0  1  0)
 ---t13---> M007:   2 (  1  0  0  0  1  0  0  2  1  0  0  0  1  0  0  1  0)
                                                                ---t15---> M090:   8 (  0  0  0  0  1  0  0  3  1  0  0  0  0  1  1  0  0)
M086:   7 (  0  0  0  1  1  0  0  4  1  0  0  1  0  0  1  0  0)
 ---t11---> M090:   8 (  0  0  0  0  1  0  0  3  1  0  0  0  0  1  1  0  0)
M087:   7 (  0  0  0  0  1  0  0  2  0  1  0  0  0  1  1  0  0)
 ---t9---> M090:   8 (  0  0  0  0  1  0  0  3  1  0  0  0  0  1  1  0  0)
                                                                ---t13---> M009:   2 (  1  0  0  0  1  0  0  2  0  1  0  0  1  0  1  0  0)
M088:   7 (  0  0  0  0  0  1  0  2  1  0  0  0  0  1  1  0  0)
 ---t6---> M090:   8 (  0  0  0  0  1  0  0  3  1  0  0  0  0  1  1  0  0)
                                                                ---t13---> M012:   2 (  1  0  0  0  0  1  0  2  1  0  0  0  1  0  1  0  0)
M089:   8 (  0  0  0  1  1  0  0  3  1  0  0  0  1  0  1  0  0)
 ---t4---> M021:   3 (  1  0  0  0  1  0  0  3  1  0  0  0  1  0  1  0  0)
                                                                ---t12---> M086:   7 (  0  0  0  1  1  0  0  4  1  0  0  1  0  0  1  0  0)
M090:   8 (  0  0  0  0  1  0  0  3  1  0  0  0  0  1  1  0  0)
 ---t13---> M021:   3 (  1  0  0  0  1  0  0  3  1  0  0  0  1  0  1  0  0)
